0.38576173782348633
0.41263729333877563
0.39129337668418884
0.39740827679634094
0.39924657344818115
0.3925911486148834
0.3863220810890198
0.40648892521858215
0.40361058712005615
0.3804713785648346
0.42347410321235657
0.409684956073761
0.34240612387657166
0.35902199149131775
0.34533047676086426
0.3493930995464325
0.35788843035697937
0.3374333083629608
0.35575857758522034
0.36398980021476746
0.36322298645973206
0.3470030128955841
0.35902920365333557
0.33378416299819946
0.34841811656951904
0.3544948399066925
0.33656397461891174
0.3491831123828888
0.36724740266799927
0.37618160247802734
0.3577736020088196
0.3582863211631775
0.34041011333465576
0.3379061222076416
0.33587709069252014
0.3554154634475708
0.35751938819885254
0.3434123992919922
0.33771324157714844
0.3525755703449249
0.3531290292739868
0.3486918807029724
0.36269983649253845
0.34907037019729614
0.34933850169181824
0.3389178514480591
0.3513595759868622
0.36347076296806335
0.35061144828796387
0.35070914030075073
0.35433655977249146
0.35277482867240906
0.35530251264572144
0.3553672134876251
0.3561834990978241
0.34204983711242676
0.35300031304359436
0.3339729905128479
0.35266798734664917
0.33738377690315247
0.2992872893810272
0.3047404885292053
0.295851469039917
0.3009771704673767
0.28359583020210266
0.2914274036884308
0.3068828284740448
0.28845471143722534
0.3065045177936554
0.2861163914203644
0.2909261882305145
0.2890457510948181
0.30007144808769226
0.3053435981273651
0.28934192657470703
0.298185259103775
0.3162195086479187
0.2968260943889618
0.29184186458587646
0.30386579036712646
0.2977636158466339
0.2929830849170685
0.28204286098480225
0.3081832528114319
0.2942896783351898
0.3000078499317169
0.2893635630607605
0.3130171597003937
0.30747872591018677
0.30980876088142395
0.29889580607414246
0.30467918515205383
0.30890607833862305
0.3102301061153412
0.3031238317489624
0.29938095808029175
0.29640519618988037
0.29251354932785034
0.2903452217578888
0.30360034108161926
0.29755446314811707
0.2800414264202118
0.29844751954078674
0.31063830852508545
0.2972482740879059
0.28146663308143616
0.29875656962394714
0.3078497350215912
0.30201998353004456
0.2957192659378052
0.3184828758239746
0.3189995288848877
0.29901576042175293
0.3081344664096832
0.30392494797706604
0.30781441926956177
0.31453272700309753
0.3082018494606018
0.30087706446647644
0.29346492886543274
0.29188114404678345
0.2997446060180664
0.3115818500518799
0.3030052185058594
0.3005305528640747
0.30257272720336914
0.3003574311733246
0.30547237396240234
0.2887703776359558
0.2802475094795227
0.2957485020160675
0.2885092496871948
0.31615138053894043
0.29841524362564087
0.2974712550640106
0.28461846709251404
0.3028208613395691
0.2937638759613037
0.3112182319164276
0.30841222405433655
0.29224103689193726
0.3041071593761444
0.2727758288383484
0.2932669520378113
0.3124622106552124
0.307902067899704
0.3017534017562866
0.2997070550918579
0.2858048677444458
0.28640034794807434
0.30223411321640015
0.317617803812027
0.27829110622406006
0.3062848746776581
0.30601197481155396
0.3095075786113739
0.2913075387477875
0.2947099208831787
0.30045685172080994
0.2897244691848755
0.28770712018013
0.29116642475128174
0.29929107427597046
0.303740531206131
0.2997540533542633
0.30077260732650757
0.2931608557701111
0.2927916347980499
0.31120622158050537
0.2994518578052521
0.29917585849761963
0.3093598783016205
0.3123853802680969
0.3127279579639435
0.30405890941619873
0.29949674010276794
0.30289316177368164
0.30179306864738464
0.3139747977256775
0.30292046070098877
0.30638405680656433
0.2997211217880249
0.3137105107307434
0.2794719338417053
0.30380508303642273
0.3075539171695709
0.2884087562561035
0.3215031027793884
0.2984972894191742
0.29838836193084717
0.2892055809497833
0.30877965688705444
0.3022446632385254
0.2940840721130371
0.30226263403892517
0.3068618178367615
0.3121500313282013
0.3021605908870697
0.2903517782688141
0.29443392157554626
0.27701613306999207
0.29267919063568115
0.30736470222473145
0.3046571612358093
0.29892122745513916
0.29658564925193787
0.3158453404903412
0.30282241106033325
0.30909547209739685
0.3039507269859314
0.29330623149871826
0.3155536949634552
0.28761860728263855
0.2880382537841797
0.2957085072994232
0.29270339012145996
0.2944253087043762
0.2940004765987396
0.3098682761192322
0.3005419373512268
0.303519070148468
0.2841202914714813
0.2915304899215698
0.3108457028865814
0.2879617214202881
0.3117853105068207
0.28969335556030273
0.30299219489097595
0.2915376126766205
0.30196619033813477
0.29100361466407776
0.2974339425563812
0.316725492477417
0.29624730348587036
0.3203679621219635
0.2954120635986328
0.28824231028556824
0.3007505238056183
0.2959100902080536
0.31756532192230225
0.3086092174053192
0.31181272864341736
0.30631670355796814
0.3247099816799164
0.3079430162906647
0.3053135275840759
0.29170602560043335
0.29090696573257446
0.3018423616886139
0.30997738242149353
0.3111695945262909
0.2905600070953369
0.3053140640258789
0.3019334673881531
0.2888173758983612
0.3051184415817261
0.2772943377494812
0.3026316463947296
0.3247131407260895
0.28980115056037903
0.30018752813339233
0.28105735778808594
0.2924499809741974
0.3075619637966156
0.28957536816596985
0.29965740442276
0.29644832015037537
0.2962157130241394
0.3019064962863922
0.3048439621925354
0.31230267882347107
0.308329701423645
0.29435059428215027
0.3141469657421112
0.3124828040599823
0.2844105064868927
0.30665233731269836
0.3082559406757355
0.30966317653656006
0.3054717481136322
0.28702816367149353
0.29732364416122437
0.27929794788360596
0.29842108488082886
0.3202894330024719
0.3068157136440277
0.30836203694343567
0.29486513137817383
0.2898426353931427
0.28929728269577026
0.30123913288116455
0.29196983575820923
0.2936236560344696
0.3114449679851532
0.28359097242355347
0.2868599593639374
0.2948964834213257
0.29900139570236206
0.29870492219924927
0.28603294491767883
0.30193808674812317
0.2987070679664612
0.3035447895526886
0.2891712784767151
0.30244940519332886
0.3522081971168518
0.3433956801891327
0.3478146493434906
0.3444400131702423
0.36356380581855774
0.31880390644073486
0.3355232775211334
0.3329421579837799
0.3462187945842743
0.34321504831314087
0.34588754177093506
0.3571901321411133
0.333674818277359
0.3415430784225464
0.34776899218559265
0.3379778265953064
0.35369986295700073
0.35329997539520264
0.3428955376148224
0.332288920879364
0.36600837111473083
0.35471096634864807
0.35423749685287476
0.35072261095046997
0.34992653131484985
0.3583107590675354
0.34984394907951355
0.3436909317970276
0.35709500312805176
0.35059696435928345
0.3422752320766449
0.34093761444091797
0.36165478825569153
0.35631048679351807
0.36975517868995667
0.34473344683647156
0.34256458282470703
0.35403889417648315
0.3637940585613251
0.35596752166748047
0.35433152318000793
0.3688698709011078
0.3425661027431488
0.3375205099582672
0.3425538241863251
0.34683144092559814
0.35373350977897644
0.3602195978164673
0.4040561020374298
0.41523313522338867
0.39172491431236267
0.41905495524406433
0.3918797969818115
0.4117073714733124
0.3906215727329254
0.4034326672554016
0.40050897002220154
0.4051755964756012
0.4075142443180084
0.39786800742149353
0.3993317484855652
0.40239110589027405
0.38694992661476135
0.3926876485347748
0.3837559223175049
0.4000525176525116
0.4222215712070465
0.4074130952358246
0.39134570956230164
0.39292314648628235
0.409758985042572
0.3952558934688568
0.3839151859283447
0.38977083563804626
0.38945743441581726
0.3897860050201416
0.40675950050354004
0.45070701837539673
0.4351136088371277
0.44460204243659973
0.4386167824268341
0.4379158020019531
0.43493324518203735
0.4674716293811798
0.44692671298980713
0.4557622969150543
0.458687424659729
0.4461572766304016
0.4553492069244385
0.45540615916252136
0.4522245526313782
0.47169533371925354
0.45283928513526917
0.4477151036262512
0.456461638212204
0.46777963638305664
0.45994308590888977
0.4452170133590698
0.49141234159469604
0.49069148302078247
0.49338099360466003
0.5038650035858154
0.5084598660469055
0.4773005247116089
0.4998133182525635
0.48894980549812317
0.506829023361206
0.509145200252533
0.49221646785736084
0.49550577998161316
0.490483820438385
0.5039107799530029
0.48390036821365356
0.5387442708015442
0.5431537628173828
0.5622652173042297
0.5740247368812561
0.550199568271637
0.5376842617988586
0.5507418513298035
0.5413094758987427
0.5545982122421265
0.538862943649292
0.5463051199913025
0.5498589277267456
0.5551994442939758
0.5992311239242554
0.6126588582992554
0.6012423038482666
0.5818618535995483
0.6092405915260315
0.5970888733863831
0.5933023691177368
0.6150768399238586
0.5900639295578003
0.6007266640663147
0.6428702473640442
0.6635242700576782
0.6463598012924194
0.6523569822311401
0.6360771656036377
0.6643473505973816
0.6393048167228699
0.659104585647583
0.711137056350708
0.7123231291770935
0.7181411385536194
0.6882926225662231
0.7040198445320129
0.7013797163963318
0.7041991353034973
0.7609831690788269
0.7510936260223389
0.7418308258056641
0.7490274906158447
0.7653923630714417
0.738210141658783
0.8007968664169312
0.7901870012283325
0.8110877871513367
0.7835155129432678
0.7965891361236572
0.8487580418586731
0.8511691689491272
0.8736121654510498
0.8655517101287842
0.8397014141082764
0.9215940237045288
0.8880746364593506
0.8812910914421082
0.8850151896476746
0.9520345330238342
0.9553486108779907
0.9278891682624817
0.954359769821167
0.9973294734954834
1.007063865661621
0.9961539506912231
1.059000849723816
1.0556434392929077
1.088273525238037
1.1144559383392334
1.1021242141723633
1.1573004722595215
1.1626176834106445
1.1402524709701538
1.1991525888442993
1.19178307056427
1.2405762672424316
1.252659797668457
1.3033978939056396
1.3133140802383423
1.3638553619384766
1.3997864723205566
1.3916293382644653
1.4320068359375
1.471478819847107
1.4989333152770996
1.5406984090805054
1.5957632064819336
1.6028096675872803
1.6613155603408813
1.7096937894821167
1.7543541193008423
1.7975287437438965
1.8516818284988403
1.9468938112258911
2.000709295272827
2.0489661693573
2.1552531719207764
2.181173324584961
2.2965431213378906
2.3970868587493896
2.4386935234069824
2.5982728004455566
2.689464569091797
2.743354558944702
2.947103261947632
3.0474681854248047
3.294262170791626
3.4610347747802734
3.6020116806030273
3.953223466873169
4.1523308753967285
4.593319416046143
4.84116792678833
5.158396244049072
5.8964691162109375
6.33228874206543
6.828011989593506
8.252217292785645
10.932698249816895
12.606208801269531
12.574231147766113
12.566829681396484
12.58288860321045
12.599384307861328
12.56645393371582
12.576502799987793
12.573598861694336
12.574148178100586
12.563995361328125
12.603327751159668
12.587159156799316
12.579757690429688
12.619916915893555
12.584060668945312
12.59601879119873
30.008073806762695
29.99551010131836
30.019041061401367
29.993484497070312
30.0117244720459
30.02351188659668
29.98723602294922
29.996763229370117
30.005746841430664
30.032114028930664
29.982114791870117
30.005661010742188
30.00284767150879
15.897383689880371
15.402655601501465
14.522875785827637
14.141942024230957
13.726799964904785
13.064794540405273
12.727989196777344
12.692349433898926
12.71444320678711
12.73032283782959
12.739413261413574
12.729776382446289
12.73060131072998
8.917244911193848
8.7605619430542
8.397119522094727
8.259071350097656
8.092314720153809
7.852259159088135
7.6857147216796875
7.438558578491211
7.341334342956543
7.212375164031982
7.002306938171387
6.905477523803711
6.701516628265381
6.603669166564941
6.504194736480713
6.307653427124023
6.251612663269043
6.140839576721191
5.992090702056885
5.912141799926758
5.764118194580078
5.705593585968018
5.583550930023193
5.515751838684082
5.403229236602783
5.299254894256592
5.25019645690918
5.196273326873779
5.0675835609436035
5.016826152801514
4.939352035522461
4.84810209274292
4.803033828735352
4.712757110595703
4.625703811645508
4.609306335449219
4.566678524017334
4.496659278869629
4.399485111236572
4.362432479858398
4.303670406341553
4.236537933349609
4.188181400299072
4.139549732208252
4.085676193237305
4.049798965454102
3.9946582317352295
3.9502687454223633
3.9569272994995117
3.867745876312256
3.8520214557647705
3.731191635131836
3.7637877464294434
3.6986634731292725
3.6615171432495117
3.6453356742858887
3.6028857231140137
3.5484883785247803
3.549578905105591
3.5126211643218994
3.4432730674743652
3.4514753818511963
3.402038097381592
3.345937728881836
3.277780294418335
3.3033180236816406
3.2213945388793945
3.2347655296325684
3.1952202320098877
3.1541266441345215
3.158463954925537
3.158121109008789
3.1058061122894287
3.046189308166504
3.0620100498199463
2.997162342071533
3.011070966720581
2.927438974380493
2.940281391143799
2.944071054458618
2.8998188972473145
2.8758726119995117
2.857992172241211
2.8597612380981445
2.8077309131622314
2.7946677207946777
2.7644147872924805
2.7443602085113525
2.758934736251831
2.6992573738098145
2.6996538639068604
2.648291826248169
2.649634599685669
2.660980701446533
2.6142630577087402
2.6141467094421387
2.6089444160461426
2.5565366744995117
2.5543715953826904
2.5674636363983154
2.495429039001465
2.493506908416748
2.5003297328948975
2.433149576187134
2.4474740028381348
2.4492597579956055
2.3895576000213623
2.3940722942352295
2.406801700592041
2.397540330886841
2.3506057262420654
2.3601973056793213
2.3436994552612305
2.288396120071411
2.299431324005127
2.3040926456451416
2.281703233718872
2.306419610977173
2.2467033863067627
2.245706796646118
2.2412312030792236
2.1980040073394775
2.209502696990967
2.205138683319092
2.2079780101776123
2.196218729019165
2.1658222675323486
2.162656545639038
2.149702787399292
2.1236023902893066
2.1505115032196045
2.1274776458740234
2.099358558654785
2.08969783782959
2.1169910430908203
2.0937631130218506
2.054874897003174
2.0575900077819824
2.035203218460083
2.0512118339538574
2.0618863105773926
1.996665596961975
2.00649094581604
1.9997316598892212
2.0102505683898926
2.018482208251953
1.9889696836471558
1.9470961093902588
1.9539157152175903
1.9436482191085815
1.941699504852295
1.9465023279190063
1.9472695589065552
1.8934205770492554
1.9032686948776245
1.9080647230148315
1.9074527025222778
1.9067935943603516
1.9119250774383545
1.8863316774368286
1.8488339185714722
1.851890206336975
1.8552577495574951
1.833838939666748
1.8688071966171265
1.841093897819519
1.8526406288146973
1.8573731184005737
1.8108683824539185
1.7931357622146606
1.7945818901062012
1.803712010383606
1.8058745861053467
1.8091219663619995
1.7994416952133179
1.7430615425109863
1.7366530895233154
1.7674643993377686
1.7362662553787231
1.757012128829956
1.752800703048706
1.7576438188552856
1.7595651149749756
1.7635260820388794
1.7494423389434814
1.7040013074874878
1.6804858446121216
1.7004876136779785
1.690955400466919
1.6984972953796387
1.712414264678955
1.701107144355774
1.7109519243240356
1.6980329751968384
1.7040445804595947
1.6459100246429443
1.6245864629745483
1.6429096460342407
1.6473841667175293
1.6516263484954834
1.6500800848007202
1.6487929821014404
1.6595423221588135
1.656315803527832
1.6460849046707153
1.6587854623794556
1.5802044868469238
1.5972422361373901
1.5985972881317139
1.6131070852279663
1.5947149991989136
1.5853615999221802
1.6018565893173218
1.6170252561569214
1.5980045795440674
1.5991114377975464
1.5980539321899414
1.6006273031234741
1.6131430864334106
1.619753360748291
1.5548325777053833
1.549081802368164
1.5686630010604858
1.5511242151260376
1.5507961511611938
1.5465621948242188
1.5469881296157837
1.5525540113449097
1.5472732782363892
1.5543315410614014
1.5510716438293457
1.5557130575180054
1.546341896057129
1.5481590032577515
1.5525963306427002
1.5508447885513306
1.5511622428894043
1.5618618726730347
1.489441156387329
1.480746865272522
1.5074106454849243
1.497743844985962
1.513655662536621
1.4993083477020264
1.4884700775146484
1.5220967531204224
1.504164695739746
1.4956363439559937
1.4926400184631348
1.5057743787765503
1.4933850765228271
1.5040475130081177
1.5117892026901245
1.4862538576126099
1.496577262878418
1.504931926727295
1.5167419910430908
1.509432315826416
1.495584487915039
1.514748215675354
1.446542501449585
1.4484995603561401
1.4538990259170532
1.43916916847229
1.4808547496795654
1.4620884656906128
1.4523018598556519
1.4444220066070557
1.4385148286819458
1.453819751739502
1.4570436477661133
1.4461109638214111
1.4481449127197266
1.4556633234024048
1.4494856595993042
1.4315376281738281
1.4567463397979736
1.4525203704833984
1.4573805332183838
1.4425255060195923
1.4288266897201538
1.4375933408737183
1.4530521631240845
1.470855951309204
1.473595380783081
1.4530949592590332
1.4354872703552246
1.4466993808746338
1.4545282125473022
1.4544233083724976
1.4510045051574707
1.4634451866149902
1.4410641193389893
1.4283932447433472
1.4412778615951538
1.4384324550628662
1.4723833799362183
1.4481892585754395
1.4357669353485107
1.4562180042266846
1.4101150035858154
1.400580883026123
1.401974081993103
1.4102838039398193
1.4051934480667114
1.3930495977401733
1.4059370756149292
1.409332275390625
1.403464436531067
1.4087730646133423
1.4058893918991089
1.3976776599884033
1.3985720872879028
1.4061756134033203
1.3945014476776123
1.4115527868270874
1.412221074104309
1.3797107934951782
1.399332046508789
1.3925204277038574
1.393686056137085
1.401476263999939
1.3983328342437744
1.4056727886199951
1.4032397270202637
1.4037278890609741
1.3921908140182495
1.3965368270874023
1.4146063327789307
1.3752244710922241
1.4171946048736572
1.3944072723388672
1.4118096828460693
1.3740652799606323
1.3958275318145752
1.4084984064102173
1.4015123844146729
1.4101699590682983
1.3912631273269653
1.3944162130355835
1.3934719562530518
1.405086874961853
1.4046356678009033
1.3987852334976196
1.3973708152770996
1.3970921039581299
1.4008816480636597
1.3905280828475952
1.3994420766830444
1.4485737085342407
1.44461190700531
1.4443118572235107
1.4647836685180664
1.4438674449920654
1.454131841659546
1.463690161705017
1.4574145078659058
1.4502122402191162
1.4601479768753052
1.4357545375823975
1.4377020597457886
1.4460455179214478
1.447807788848877
1.4490538835525513
1.4688074588775635
1.4668899774551392
1.4496288299560547
1.4525606632232666
1.4409366846084595
1.4531980752944946
1.4365850687026978
1.4640032052993774
1.4448177814483643
1.4555835723876953
1.4369451999664307
1.4639203548431396
1.4561210870742798
1.469603180885315
1.450688123703003
1.4338072538375854
1.4421634674072266
1.4374501705169678
1.4657889604568481
1.4437596797943115
1.442479133605957
1.455960988998413
1.4526692628860474
1.4549331665039062
1.444985270500183
1.430022954940796
1.486412525177002
1.4780446290969849
1.512811541557312
1.5091071128845215
1.4962633848190308
1.5062448978424072
1.5067402124404907
1.506370186805725
1.5053296089172363
1.508849859237671
1.500831961631775
1.4778023958206177
1.472328543663025
1.512661337852478
1.505985140800476
1.4748691320419312
1.501755952835083
1.4912210702896118
1.4945292472839355
1.4739642143249512
1.5077303647994995
1.4991662502288818
1.5081844329833984
1.5609092712402344
1.562914252281189
1.5665147304534912
1.5529389381408691
1.5521910190582275
1.54362154006958
1.5553089380264282
1.5476279258728027
1.538233757019043
1.5620501041412354
1.5571787357330322
1.5231373310089111
1.531347393989563
1.5478256940841675
1.5365722179412842
1.562363862991333
1.6018953323364258
1.6058019399642944
1.609510898590088
1.613563060760498
1.5973501205444336
1.606413722038269
1.6026859283447266
1.6081881523132324
1.6057448387145996
1.6144773960113525
1.6055681705474854
1.5953428745269775
1.6013764142990112
1.5887454748153687
1.6533887386322021
1.665380597114563
1.6440861225128174
1.6335456371307373
1.6493715047836304
1.6450862884521484
1.650164246559143
1.6442219018936157
1.6509673595428467
1.6399309635162354
1.665812373161316
1.6478996276855469
1.705357551574707
1.7078372240066528
1.6986478567123413
1.7047452926635742
1.6977009773254395
1.6956889629364014
1.6979392766952515
1.7051098346710205
1.6874359846115112
1.691070318222046
1.7421119213104248
1.7444992065429688
1.7618408203125
1.7498835325241089
1.7471221685409546
1.7516539096832275
1.760871171951294
1.7426787614822388
1.7605072259902954
1.7768006324768066
1.7913154363632202
1.8150718212127686
1.8158966302871704
1.8022249937057495
1.7960268259048462
1.8086063861846924
1.7962114810943604
1.815893530845642
1.8622437715530396
1.8580965995788574
1.841909646987915
1.8601707220077515
1.847909927368164
1.8480802774429321
1.8461999893188477
1.8992609977722168
1.9054840803146362
1.9089823961257935
1.9090096950531006
1.9346197843551636
1.8971049785614014
1.9622068405151367
1.9439252614974976
1.9486440420150757
1.9389290809631348
1.962783694267273
