1.3857617378234863
1.4126372337341309
1.3912934064865112
1.3974082469940186
1.349246621131897
1.3425911664962769
1.3363220691680908
1.3564889430999756
1.353610634803772
1.330471396446228
1.37347412109375
1.359684944152832
1.342406153678894
1.3590220212936401
1.29533052444458
1.2993930578231812
1.307888388633728
1.2874332666397095
1.3057585954666138
1.3139897584915161
1.3132230043411255
1.2970030307769775
1.309029221534729
1.2837841510772705
1.2484180927276611
1.2544947862625122
1.236564040184021
1.249183177947998
1.2672474384307861
1.2761815786361694
1.2577736377716064
1.2582863569259644
1.2404100894927979
1.2379060983657837
1.2358770370483398
1.255415439605713
1.2575193643569946
1.19341242313385
1.1877132654190063
1.2025755643844604
1.2031290531158447
1.1986918449401855
1.2126998901367188
1.1990703344345093
1.199338436126709
1.188917875289917
1.201359510421753
1.2134708166122437
1.2006114721298218
1.2007091045379639
1.2043365240097046
1.1527748107910156
1.1553025245666504
1.1553672552108765
1.1561834812164307
1.142049789428711
1.1530003547668457
1.1339730024337769
1.1526679992675781
1.1373838186264038
1.1492873430252075
1.1547404527664185
1.145851492881775
1.1509771347045898
1.1335958242416382
1.1414273977279663
1.1568827629089355
1.1384546756744385
1.156504511833191
1.0861164331436157
1.090926170349121
1.089045763015747
1.1000714302062988
1.1053435802459717
1.0893418788909912
1.0981853008270264
1.1162195205688477
1.0968260765075684
1.0918418169021606
1.1038657426834106
1.0977636575698853
1.0929831266403198
1.0820428133010864
1.1081832647323608
1.0942896604537964
1.1000078916549683
1.0893635749816895
1.113017201423645
1.1074787378311157
1.1098088026046753
1.098895788192749
1.1046792268753052
1.058906078338623
1.0602301359176636
1.0531238317489624
1.049380898475647
1.0464051961898804
1.0425136089324951
1.0403451919555664
1.0536003112792969
1.0475544929504395
1.0300414562225342
1.0484474897384644
1.0606383085250854
1.0472482442855835
1.0314666032791138
1.0487565994262695
1.0578497648239136
1.0520199537277222
1.0457192659378052
1.0684828758239746
1.0689995288848877
1.049015760421753
1.0581344366073608
1.0539249181747437
1.0578144788742065
1.06453275680542
1.0582019090652466
1.0508770942687988
1.0434648990631104
1.0418810844421387
1.0497446060180664
1.0615818500518799
1.0530052185058594
1.0505305528640747
1.0525727272033691
1.050357460975647
1.0054724216461182
0.9887703657150269
0.9802474975585938
0.9957485198974609
0.9885092377662659
1.0161514282226562
0.9984152317047119
0.997471272945404
0.9846184849739075
1.0028208494186401
0.9937638640403748
1.0112181901931763
1.00841224193573
0.9922410249710083
1.004107117652893
0.9727758169174194
0.9932669401168823
1.0124622583389282
1.0079020261764526
1.0017534494400024
0.999707043170929
0.9858048558235168
0.9864003658294678
1.0022341012954712
1.0176178216934204
0.9782910943031311
1.0062848329544067
1.006011962890625
1.0095075368881226
0.9913075566291809
0.9947099089622498
1.0004568099975586
0.9897244572639465
0.9877070784568787
0.9911664128303528
0.9992910623550415
1.0037405490875244
0.9997540712356567
1.0007725954055786
0.9931608438491821
0.9927916526794434
1.0112062692642212
0.9994518756866455
0.9991758465766907
1.0093598365783691
1.012385368347168
1.012727975845337
1.0040589570999146
0.9994967579841614
1.0028932094573975
1.0017930269241333
1.0139747858047485
1.0029205083847046
1.006384015083313
0.999721109867096
1.0137104988098145
0.9794719219207764
1.0038050413131714
1.0075539350509644
0.9884087443351746
1.0215030908584595
0.9984973073005676
0.9983883500099182
0.9892055988311768
1.0087796449661255
1.0022447109222412
0.9940840601921082
1.0022625923156738
1.0068618059158325
1.0121500492095947
1.0021605491638184
0.9903517365455627
0.9944339394569397
0.9770161509513855
0.9926791787147522
1.0073647499084473
1.0046571493148804
0.9989212155342102
0.9965856075286865
1.0158452987670898
1.0028223991394043
1.0090954303741455
1.0039507150650024
0.9933062195777893
1.0155537128448486
0.987618625164032
0.9880382418632507
0.9957085251808167
0.992703378200531
0.9944252967834473
0.9940004944801331
1.0098682641983032
1.0005419254302979
1.003519058227539
0.9841203093528748
0.9915304780006409
1.01084566116333
0.9879617094993591
1.0117852687835693
0.9896933436393738
1.0029921531677246
0.9915375709533691
1.0019662380218506
0.9910036325454712
1.0474339723587036
1.066725492477417
1.0462473630905151
1.0703679323196411
1.0454120635986328
1.0382423400878906
1.050750494003296
1.045910120010376
1.0675653219223022
1.0586092472076416
1.0618127584457397
1.0563167333602905
1.0747100114822388
1.0579429864883423
1.0553135871887207
1.0417059659957886
1.0409069061279297
1.0518423318862915
1.059977412223816
1.0611696243286133
1.040560007095337
1.055314064025879
1.0519334077835083
1.0388174057006836
1.055118441581726
1.0272942781448364
1.0526316165924072
1.074713110923767
1.0398011207580566
1.0501874685287476
1.031057357788086
1.042449951171875
1.057561993598938
1.0395753383636475
1.0496574640274048
1.0464483499526978
1.0962157249450684
1.1019065380096436
1.1048439741134644
1.1123026609420776
1.1083296537399292
1.0943505764007568
1.1141469478607178
1.1124827861785889
1.084410548210144
1.1066523790359497
1.1082559823989868
1.1096631288528442
1.1054717302322388
1.0870281457901
1.0973236560821533
1.0792979001998901
1.0984210968017578
1.1202894449234009
1.1068156957626343
1.108362078666687
1.094865083694458
1.089842677116394
1.0892972946166992
1.1512391567230225
1.1419697999954224
1.1436235904693604
1.161444902420044
1.1335909366607666
1.1368600130081177
1.1448965072631836
1.1490013599395752
1.1487048864364624
1.1360329389572144
1.1519380807876587
1.1487070322036743
1.1535447835922241
1.1391712427139282
1.152449369430542
1.1522082090377808
1.1433956623077393
1.1478146314620972
1.1944400072097778
1.2135637998580933
1.1688039302825928
1.185523271560669
1.1829421520233154
1.1962188482284546
1.193215012550354
1.195887565612793
1.2071901559829712
1.1836748123168945
1.1915431022644043
1.197769045829773
1.1879777908325195
1.2036998271942139
1.2532999515533447
1.242895483970642
1.2322889566421509
1.2660083770751953
1.2547110319137573
1.2542375326156616
1.2507226467132568
1.2499265670776367
1.2583107948303223
1.249843955039978
1.2436909675598145
1.2570949792861938
1.3005969524383545
1.2922751903533936
1.2909376621246338
1.311654806137085
1.3063104152679443
1.31975519657135
1.2947334051132202
1.2925646305084229
1.3040388822555542
1.3137940168380737
1.3059675693511963
1.3543314933776855
1.3688699007034302
1.3425661325454712
1.3375204801559448
1.3425538539886475
1.3468314409255981
1.3537335395812988
1.3602195978164673
1.3540561199188232
1.3652331829071045
1.391724944114685
1.4190549850463867
1.3918797969818115
1.4117074012756348
1.390621542930603
1.4034327268600464
1.400508999824524
1.4051755666732788
1.4575142860412598
1.4478679895401
1.4493317604064941
1.4523911476135254
1.4369499683380127
1.4426876306533813
1.433755874633789
1.4500524997711182
1.522221565246582
1.5074131488800049
1.4913456439971924
1.4929231405258179
1.5097589492797852
1.495255947113037
1.5339151620864868
1.5397708415985107
1.5394574403762817
1.5397859811782837
1.5567594766616821
1.5507069826126099
1.5851136445999146
1.5946019887924194
1.5886168479919434
1.5879157781600952
1.5849332809448242
1.6174715757369995
1.646926760673523
1.6557623147964478
1.6586874723434448
1.6461572647094727
1.6553492546081543
1.7054061889648438
1.702224612236023
1.7216953039169312
1.7028392553329468
1.6977150440216064
1.7564616203308105
1.7677795886993408
1.7599431276321411
1.745216965675354
1.7414124011993408
1.7906914949417114
1.7933809757232666
1.8038649559020996
1.8084598779678345
1.8273005485534668
1.8498133420944214
1.8389497995376587
1.856829047203064
1.9091452360153198
1.892216444015503
1.8955057859420776
1.8904838562011719
1.9539108276367188
1.9339003562927246
1.938744306564331
1.943153738975525
2.012265205383301
2.024024724960327
2.050199508666992
2.037684202194214
2.0507419109344482
2.0413095951080322
2.1045982837677
2.088862895965576
2.0963051319122314
2.1498589515686035
2.1551995277404785
2.149231195449829
2.2126588821411133
2.201242208480835
2.2318618297576904
2.2592406272888184
2.24708890914917
2.293302297592163
2.3150768280029297
2.34006404876709
2.35072660446167
2.3928701877593994
2.4135243892669678
2.446359872817993
2.452357053756714
2.436077117919922
2.5143473148345947
2.489304780960083
2.5591046810150146
2.5611369609832764
2.612323045730591
2.6681411266326904
2.6382925510406494
2.704019784927368
2.7013797760009766
2.754199266433716
2.810983180999756
2.801093578338623
2.8418307304382324
2.8990275859832764
2.9153923988342285
2.9382100105285645
3.0007967948913574
2.990186929702759
3.0610878467559814
3.0835154056549072
3.1465890407562256
3.198758125305176
3.20116925239563
3.2736122608184814
3.3155517578125
3.3397014141082764
3.4215941429138184
3.4380745887756348
3.4812910556793213
3.535015106201172
3.602034568786621
3.705348491668701
3.677889108657837
3.8043596744537354
3.8473293781280518
3.9070639610290527
3.9961538314819336
4.0590009689331055
4.155643463134766
4.1882734298706055
4.264455795288086
4.352124214172363
4.457300662994385
4.512617588043213
4.59025239944458
4.69915246963501
4.841783046722412
4.890576362609863
5.002659797668457
5.153398036956787
5.263314247131348
5.41385555267334
5.499786376953125
5.591629505157471
5.832006931304932
5.921478748321533
6.148933410644531
6.240698337554932
6.395763397216797
6.6528096199035645
6.811315536499023
6.959693908691406
7.254354000091553
7.447528839111328
7.801681995391846
7.996893882751465
8.200709342956543
8.648965835571289
8.905253410339355
10.651165962219238
10.650503158569336
10.623820304870605
11.28329086303711
11.69443130493164
12.12733268737793
12.734560012817383
12.736564636230469
12.750100135803223
12.740155220031738
12.760419845581055
12.703031539916992
12.70714282989502
12.740781784057617
12.71911334991455
12.702017784118652
12.712974548339844
12.703277587890625
12.711323738098145
12.686988830566406
12.697003364562988
29.992630004882812
29.999324798583984
29.99452781677246
29.995925903320312
29.998271942138672
29.987525939941406
29.999813079833984
30.00986099243164
30.006956100463867
29.982603073120117
29.986583709716797
29.986671447753906
29.99751853942871
30.008548736572266
30.00322914123535
29.982463836669922
30.00054931640625
15.483199119567871
13.940834045410156
13.289570808410645
12.731423377990723
12.762724876403809
8.623512268066406
7.9872355461120605
7.696763038635254
7.455747127532959
6.982114315032959
6.732115268707275
6.555660724639893
6.152847766876221
5.995776176452637
5.691651344299316
5.544740676879883
5.396969318389893
5.137301445007324
5.0657548904418945
4.788915634155273
4.695724964141846
4.593385219573975
4.445867538452148
4.3509297370910645
4.242424011230469
4.0976386070251465
4.017244815826416
3.910562038421631
3.797119617462158
3.7590718269348145
3.642315149307251
3.5522592067718506
3.4357144832611084
3.388558864593506
3.341334342956543
3.2623753547668457
3.2023069858551025
3.1054775714874268
3.051516532897949
3.053668975830078
2.9541947841644287
2.9076530933380127
2.9016125202178955
2.790839672088623
2.7420907020568848
2.712141752243042
2.6641180515289307
2.6555936336517334
2.5835509300231934
2.565751791000366
2.5032293796539307
2.4492547512054443
2.4501965045928955
2.396273136138916
2.3675835132598877
2.366826295852661
2.2893519401550293
2.2481019496917725
2.2530341148376465
2.2127573490142822
2.175704002380371
2.159306049346924
2.1666784286499023
2.0966591835021973
2.049484968185425
2.0624325275421143
2.0036704540252686
1.9865381717681885
1.9381811618804932
1.9395499229431152
1.9356763362884521
1.899799108505249
1.8946583271026611
1.8502687215805054
1.8569272756576538
1.8677458763122559
1.8020213842391968
1.7811915874481201
1.763787865638733
1.7486635446548462
1.7615171670913696
1.6953357458114624
1.702885627746582
1.698488473892212
1.6495789289474487
1.6626211404800415
1.6432729959487915
1.601475477218628
1.6020381450653076
1.5959378480911255
1.5777802467346191
1.5533181428909302
1.5213944911956787
1.5347654819488525
1.4952203035354614
1.5041265487670898
1.508463978767395
1.5081210136413574
1.5058060884475708
1.446189284324646
1.4620099067687988
1.4471622705459595
1.4610710144042969
1.377439022064209
1.3902814388275146
1.3940709829330444
1.399819016456604
1.325872540473938
1.3579922914505005
1.359761357307434
1.3577308654785156
1.3446677923202515
1.3144148588180542
1.2943601608276367
1.3089346885681152
1.299257516860962
1.2996538877487183
1.298291802406311
1.2496345043182373
1.2609806060791016
1.2642629146575928
1.2641468048095703
1.2589443922042847
1.2565367221832275
1.2543715238571167
1.2174636125564575
1.1954290866851807
1.1935069561004639
1.2003296613693237
1.1831495761871338
1.1974740028381348
1.1492596864700317
1.1395577192306519
1.14407217502594
1.156801700592041
1.1475402116775513
1.1506056785583496
1.1601972579956055
1.1436995267868042
1.0883961915969849
1.0994312763214111
1.1040927171707153
1.0817033052444458
1.106419563293457
1.0967034101486206
1.0957067012786865
1.0912312269210815
1.0980039834976196
1.0595027208328247
1.0551387071609497
1.0579780340194702
1.046218752861023
1.0658223628997803
1.0626565217971802
1.049702763557434
1.0236023664474487
1.050511360168457
1.027477741241455
0.9993586540222168
0.9896977543830872
1.0169910192489624
0.9937630891799927
1.0048748254776
1.0075900554656982
0.9852032661437988
1.0012120008468628
1.0118862390518188
0.9966655969619751
1.00649094581604
0.949731707572937
0.9602504968643188
0.968482255935669
0.9389697313308716
0.9470961093902588
0.9539156556129456
0.9436482191085815
0.9416995644569397
0.9465023279190063
0.9472695589065552
0.9434205889701843
0.9532687067985535
0.9580647945404053
0.9074527621269226
0.9067935943603516
0.9119250774383545
0.8863317370414734
0.8988338708877563
0.901890218257904
0.9052577018737793
0.8838388919830322
0.9188072085380554
0.891093909740448
0.9026406407356262
0.9073730707168579
0.9108683466911316
0.8931357264518738
0.8945819139480591
0.9037119746208191
0.8558745980262756
0.8591219782829285
0.8494417667388916
0.8430615067481995
0.8366530537605286
0.8674643635749817
0.836266279220581
0.8570120930671692
0.8528006672859192
0.8576439023017883
0.8595651388168335
0.8635260462760925
0.8494423031806946
0.8540012836456299
0.8304858207702637
0.8504876494407654
0.8409554362297058
0.8484973311424255
0.8624143004417419
0.851107120513916
0.8109518885612488
0.7980329990386963
0.8040446043014526
0.7959100604057312
0.7745864987373352
0.7929096817970276
0.7973841428756714
0.8016263246536255
0.8000801205635071
0.7987929582595825
0.8095423579216003
0.8063158392906189
0.7960849404335022
0.8087854385375977
0.7802044153213501
0.797242283821106
0.7985972166061401
0.8131070733070374
0.7947149872779846
0.7853615880012512
0.8018565773963928
0.8170253038406372
0.7980045676231384
0.7991114258766174
0.7980539202690125
0.8006272912025452
0.7631431221961975
0.7697533369064331
0.7548325657844543
0.7490818500518799
0.7686629891395569
0.7511242628097534
0.7507961392402649
0.7465621829032898
0.7469881176948547
0.7525540590286255
0.7472732663154602
0.7543315291404724
0.7510716915130615
0.7557129859924316
0.7463418841362
0.7481590509414673
0.7525963187217712
0.7508447170257568
0.7511622309684753
0.7618618607521057
0.7394410967826843
0.7307468056678772
0.7574106454849243
0.7477437853813171
0.7636557221412659
0.7493083477020264
0.7384700179100037
0.7720967531204224
0.7541647553443909
0.7456362843513489
0.74263995885849
0.7557743787765503
0.7433850765228271
0.7540474534034729
0.7617892622947693
0.7362539172172546
0.7465773224830627
0.7549319267272949
0.766741931438446
0.759432315826416
0.7455844283103943
0.7647481560707092
0.696542501449585
0.6984996199607849
0.7038989663124084
0.68916916847229
0.7308548092842102
0.712088406085968
0.7023018598556519
0.6944220066070557
0.6885148286819458
0.7038196921348572
0.7070436477661133
0.6961110234260559
0.6981449127197266
0.7056633234024048
0.6994856595993042
0.6815376281738281
0.7067463994026184
0.7025203704833984
0.7073805332183838
0.6925254464149475
0.678826630115509
0.6875933408737183
0.7030521035194397
0.7208558917045593
0.723595380783081
0.703095018863678
0.6854872703552246
0.6966993808746338
0.704528272151947
0.7044233679771423
0.7010045647621155
0.713445246219635
0.6910641193389893
0.6783931851387024
0.6912779211997986
0.6884323954582214
0.7223833799362183
0.6981891989707947
0.6857669353485107
0.7062179446220398
0.7101150155067444
0.700580894947052
0.7019741535186768
0.7102838158607483
0.7051934003829956
0.6930496096611023
0.7059370875358582
0.7093322277069092
0.7034643888473511
0.7087730765342712
0.7058894634246826
0.6976776123046875
0.6985721588134766
0.7061756253242493
0.6945013999938965
0.7115527987480164
0.7122211456298828
0.6797107458114624
0.6993319988250732
0.6925204396247864
0.6936860084533691
0.7014763355255127
0.6983328461647034
0.7056728601455688
0.7032396793365479
0.7037278413772583
0.6921907663345337
0.6965368390083313
0.7146062850952148
0.6752244830131531
0.7171945571899414
0.6944072842597961
0.7118097543716431
0.6740652918815613
0.6958276033401489
0.708498477935791
0.701512336730957
0.7101700305938721
0.6912631392478943
0.6944161653518677
0.6934719085693359
0.7050868272781372
0.704635739326477
0.6987851858139038
0.6973708271980286
0.6970921754837036
0.7008816599845886
0.6905280947685242
0.6994420289993286
0.6985737085342407
0.6946119666099548
0.6943119168281555
0.7147837281227112
0.6938674449920654
0.7041319012641907
0.7136902213096619
0.7074145078659058
0.7002122402191162
0.7101479768753052
0.6857545375823975
0.6877021193504333
0.6960455775260925
0.697807788848877
0.699053943157196
0.7188075184822083
0.7168899774551392
0.6996288299560547
0.7025607228279114
0.6909367442131042
0.7031980752944946
0.6865850687026978
0.7140031456947327
0.6948177218437195
0.7055835127830505
0.6869452595710754
0.7139204144477844
0.7061210870742798
0.7196032404899597
0.7006880640983582
0.6838072538375854
0.6921634674072266
0.6874501705169678
0.7157890200614929
0.6937596201896667
0.7424790859222412
0.7559610605239868
0.7526692152023315
0.7549331188201904
0.7449852228164673
0.7300229668617249
0.736412525177002
0.7280445694923401
0.762811541557312
0.7591071128845215
0.746263325214386
0.756244957447052
0.756740152835846
0.7563701868057251
0.7553295493125916
0.7588499188423157
0.7508320212364197
0.7278024554252625
0.7223285436630249
0.762661337852478
0.7559850811958313
0.7248690724372864
0.751755952835083
0.7412211298942566
0.7445293068885803
0.723964273929596
0.7577304244041443
0.7491662502288818
0.7581844925880432
0.7609093189239502
0.7629142999649048
0.7665147185325623
0.7529389262199402
0.7521910071372986
0.7436215281486511
0.7553089261054993
0.7476279139518738
0.7382338047027588
0.7620500922203064
0.757178783416748
0.7231372594833374
0.781347393989563
0.7978256344795227
0.7865722179412842
0.8123638033866882
0.8018953204154968
0.8058019280433655
0.8095108270645142
0.8135630488395691
0.7973501682281494
0.8064137697219849
0.8026859164237976
0.8081881999969482
0.8057448863983154
0.8144774436950684
0.8055682182312012
0.7953428626060486
0.8013764023780823
0.7887454032897949
0.803388774394989
0.8153806328773499
0.7940860986709595
0.7835456132888794
0.7993715405464172
0.7950863242149353
0.8001642823219299
0.7942218780517578
0.8009673357009888
0.8399310111999512
0.8658124208450317
0.8478996753692627
0.8553575277328491
0.8578372001647949
0.8486478924751282
0.8547452688217163
0.8477010130882263
0.8456889390945435
0.8479393124580383
0.8551097512245178
0.8374359011650085
0.8410703539848328
0.8421119451522827
0.8444992303848267
0.8618408441543579
0.8498835563659668
0.8471221923828125
0.8516539335250854
0.8608711361885071
0.8926787972450256
0.9105072021484375
0.8768005967140198
0.8913154602050781
0.9150718450546265
0.9158966541290283
0.9022250771522522
0.8960267901420593
0.9086063504219055
0.8962115049362183
0.9158935546875
0.9122437834739685
0.9080966711044312
0.891909658908844
0.9101707339286804
0.947909951210022
0.94808030128479
0.9462000131607056
0.9492610096931458
0.9554840326309204
0.9589824080467224
0.9590096473693848
0.9846197366714478
0.9471050500869751
0.9622069001197815
0.9439252614974976
0.9486440420150757
0.9389290809631348
0.9627836346626282
