1.504227638244629
1.5311031341552734
1.45975923538208
1.4658740758895874
1.46771240234375
1.4610569477081299
1.4547879695892334
1.4749547243118286
1.472076416015625
1.448937177658081
1.4419399499893188
1.4297727346420288
1.4124938249588013
1.4291096925735474
1.4154181480407715
1.419480800628662
1.427976131439209
1.3726682662963867
1.390993595123291
1.3992247581481934
1.3984580039978027
1.3822380304336548
1.3942642211914062
1.3690191507339478
1.3836530447006226
1.3397297859191895
1.3217990398406982
1.3344181776046753
1.3524824380874634
1.3614165782928467
1.3430086374282837
1.3435213565826416
1.325645089149475
1.323141098022461
1.321112036705017
1.3406504392623901
1.2927544116973877
1.2786474227905273
1.276229739189148
1.291092038154602
1.3121460676193237
1.3077088594436646
1.271716833114624
1.258087396621704
1.2583554983139038
1.2479348182678223
1.2603765726089478
1.272487759590149
1.259628415107727
1.2597261667251587
1.2633535861968994
1.2617918252944946
1.2643195390701294
1.264384150505066
1.2652004957199097
1.25106680393219
1.212017297744751
1.1929899454116821
1.2116849422454834
1.196400761604309
1.2083042860031128
1.2378356456756592
1.2289466857910156
1.2340723276138306
1.216691017150879
1.224522590637207
1.2399779558181763
1.2215498685836792
1.2395997047424316
1.2192115783691406
1.224021315574646
1.2298784255981445
1.2409040927886963
1.2961763143539429
1.2801746129989624
1.289017915725708
1.3070522546768188
1.2876588106155396
1.332674503326416
1.344698429107666
1.3385963439941406
1.3630708456039429
1.3521305322647095
1.3782709836959839
1.3643773794174194
1.4200955629348755
1.4094512462615967
1.4331048727035522
1.427566409111023
1.4798964262008667
1.46898353099823
1.4747668504714966
1.5289937257766724
1.530317783355713
1.5232115983963013
1.56946861743927
1.5664929151535034
1.5626013278961182
1.5604329109191895
1.6236881017684937
1.6176421642303467
1.632121205329895
1.6505272388458252
1.7127180099487305
1.699328064918518
1.7335463762283325
1.7508362531661987
1.7599294185638428
1.804099678993225
1.797798991203308
1.8705626726150513
1.8710792064666748
1.9010955095291138
1.9102141857147217
1.9060046672821045
1.9734998941421509
1.9802181720733643
2.0238873958587646
2.0665624141693115
2.0455446243286133
2.093960762023926
2.1518242359161377
2.163661479949951
2.205085039138794
2.2026102542877197
2.254652500152588
2.3024370670318604
2.3575520515441895
2.390850067138672
2.3823273181915283
2.4478282928466797
2.490588903427124
2.5682311058044434
2.600494861602783
2.6495509147644043
2.6866981983184814
2.7549006938934326
2.7958436012268066
2.9015307426452637
2.9487247467041016
2.982553482055664
3.044419527053833
3.0630881786346436
3.183579444885254
3.252774715423584
3.3482143878936768
3.442065715789795
3.4900195598602295
3.62611722946167
3.67671275138855
3.792546510696411
3.957930326461792
4.018603324890137
4.196597099304199
4.296324253082275
4.399819850921631
4.571381092071533
4.724783420562744
4.830530166625977
5.069797992706299
5.217780590057373
5.521239757537842
5.6793646812438965
5.883813858032227
6.27982759475708
6.480845928192139
6.923234462738037
7.222865104675293
7.5412797927856445
8.179525375366211
8.52924919128418
9.389433860778809
9.89245891571045
10.433837890625
11.72516918182373
12.470606803894043
13.374003410339355
15.622902870178223
17.035085678100586
20.774030685424805
25.370569229125977
26.540409088134766
26.55889320373535
26.523386001586914
26.532873153686523
26.535907745361328
26.51111602783203
26.560380935668945
29.998497009277344
29.998388290405273
29.989206314086914
30.008779525756836
30.00224494934082
29.994083404541016
30.002262115478516
30.00686264038086
30.012149810791016
22.565378189086914
21.153568267822266
19.907649993896484
17.790233612060547
16.955896377563477
16.120580673217773
14.717873573303223
14.112137794494629
13.059802055358887
12.579062461853027
12.116039276123047
11.322312355041504
10.960176467895508
10.299531936645508
10.02177906036377
9.69384479522705
9.19426441192627
8.951933860778809
8.498929023742676
8.300651550292969
8.100226402282715
7.766094207763672
7.55676794052124
7.409744739532471
7.090345859527588
6.947756290435791
6.717071533203125
6.544187545776367
6.468010902404785
6.195919036865234
6.102992057800293
5.891537666320801
5.801966190338135
5.691003799438477
5.497434139251709
5.4667253494262695
5.34624719619751
5.220367908477783
5.095412254333496
4.938242435455322
4.900750637054443
4.84591007232666
4.717565536499023
4.658609390258789
4.511812686920166
4.4563164710998535
4.424709796905518
4.307942867279053
4.2497406005859375
4.136133193969727
4.085334300994873
4.046269416809082
3.954404592514038
3.9055967330932617
3.8849871158599854
3.799741268157959
3.7463605403900146
3.683244466781616
3.649545669555664
3.5717215538024902
3.5470588207244873
3.542591094970703
3.4076790809631348
3.4180655479431152
3.34893536567688
3.3103280067443848
3.275439977645874
3.2127878665924072
3.172869920730591
3.169660806655884
3.1194281578063965
3.0751190185546875
3.0780563354492188
3.035515069961548
2.9815421104431152
2.917562961578369
2.93735933303833
2.885695219039917
2.8076229095458984
2.829864740371704
2.831468343734741
2.7828755378723145
2.728684186935425
2.710240602493286
2.6705360412597656
2.652510404586792
2.626068353652954
2.6479365825653076
2.584462881088257
2.5860092639923096
2.522512435913086
2.5174899101257324
2.466944456100464
2.478886365890503
2.419617176055908
2.4212708473205566
2.389092206954956
2.3612382411956787
2.3645071983337402
2.3225438594818115
2.326648712158203
2.2763521671295166
2.2636802196502686
2.279585361480713
2.2263543605804443
2.236168622970581
2.195397138595581
2.2086751461029053
2.1584339141845703
2.1496214866638184
2.1540403366088867
2.150665760040283
2.1197896003723145
2.0750296115875244
2.0417490005493164
2.039167881011963
2.0524444580078125
2.049440860748291
2.0021133422851562
2.013415813446045
1.9899005889892578
1.9977688789367676
1.9539947509765625
1.9442036151885986
1.959925651550293
1.95952570438385
1.9061124324798584
1.887053370475769
1.9207727909088135
1.9094754457473755
1.8674544095993042
1.8639395236968994
1.8631434440612793
1.8715276718139648
1.8130608797073364
1.8069077730178833
1.8203119039535522
1.8138138055801392
1.7828446626663208
1.7815070152282715
1.7522242069244385
1.7468799352645874
1.7603245973587036
1.7353028059005737
1.7331340312957764
1.7446082830429077
1.7346410751342773
1.7268145084381104
1.684609055519104
1.6991474628448486
1.6728436946868896
1.645634412765503
1.650667667388916
1.6586347818374634
1.665536880493164
1.672023057937622
1.6158595085144043
1.6270365715026855
1.6035282611846924
1.630858302116394
1.6036832332611084
1.623510718345642
1.5524250268936157
1.5534327030181885
1.5712196826934814
1.5758862495422363
1.5592498779296875
1.5496037006378174
1.5510673522949219
1.5334160327911377
1.517974853515625
1.4359910488128662
1.4270594120025635
1.443355917930603
1.4655250310897827
1.450716495513916
1.3846491575241089
1.3862265348434448
1.4030624628067017
1.388559341430664
1.3772186040878296
1.3830742835998535
1.3827608823776245
1.3830894231796265
1.400062918663025
1.4440104961395264
1.4284170866012573
1.4379054307937622
1.4319201707839966
1.4157332181930542
1.4627506732940674
1.4952890872955322
1.474744200706482
1.4835797548294067
1.4865049123764038
1.4739747047424316
1.4831666946411133
1.5332236289978027
1.530042052268982
1.564998745918274
1.5461426973342896
1.5410184860229492
1.5497651100158691
1.5610830783843994
1.6032465696334839
1.5885204076766968
1.5847158432006836
1.58399498462677
1.5866844654083252
1.5971684455871582
1.6517633199691772
1.6206039190292358
1.6308382749557495
1.6699748039245605
1.6878539323806763
1.690170168876648
1.6732414960861206
1.6765307188034058
1.7215087413787842
1.7349357604980469
1.7149254083633423
1.7197692394256592
1.7741787433624268
1.793290138244629
1.8050496578216553
1.7812246084213257
1.8187092542648315
1.8317668437957764
1.8223345279693604
1.8356231451034546
1.8388628959655762
1.8963050842285156
1.8998589515686035
1.8957688808441162
1.939800500869751
1.9532283544540405
1.9418118000030518
1.9724313020706177
1.999809980392456
1.9876582622528076
1.9838718175888062
2.0556461811065674
2.0306334495544434
2.0412960052490234
2.083439588546753
2.1040937900543213
2.1369292736053467
2.1429264545440674
2.1266465187072754
2.2049167156219482
2.1798741817474365
2.249674081802368
2.243302822113037
2.2944889068603516
2.300307035446167
2.32045841217041
2.3361856937408447
2.3835456371307373
2.3863649368286133
2.4431490898132324
2.4332594871520996
2.423996686935425
2.4811933040618896
2.497558116912842
2.520375967025757
2.58296275138855
2.572352886199951
2.6432535648345947
2.6156814098358154
2.678755044937134
2.730923891067505
2.733335018157959
2.8236122131347656
2.8155517578125
2.8397014141082764
2.9215941429138184
2.8880746364593506
2.9812910556793213
2.9850151538848877
3.052034616470337
3.105348587036133
3.1278891563415527
3.204359769821167
3.197329521179199
3.257063865661621
3.346153974533081
3.3590009212493896
3.4056434631347656
3.4882736206054688
3.514456033706665
3.6021242141723633
3.6573004722595215
3.7126176357269287
3.790252447128296
3.7991526126861572
3.8917829990386963
5.640576362609863
5.62337064743042
5.632222652435303
5.631272792816162
5.610227584838867
5.596158981323242
5.626462936401367
5.658144474029541
5.638681888580322
5.613645076751709
5.569459438323975
5.574524402618408
5.636202812194824
5.633560657501221
5.619483470916748
5.801144599914551
5.8943190574646
6.142528533935547
6.265753269195557
6.367757320404053
6.629943370819092
6.786230087280273
6.9275360107421875
7.280750274658203
7.450296878814697
7.799830913543701
8.014909744262695
8.18503475189209
9.912471771240234
9.892753601074219
9.918530464172363
9.923748016357422
10.594745635986328
11.30733585357666
11.74760913848877
12.628179550170898
13.141166687011719
13.686324119567871
14.674041748046875
14.678829193115234
14.651211738586426
14.630393028259277
14.666549682617188
14.631986618041992
14.668892860412598
14.657125473022461
14.631377220153809
14.666657447814941
14.611783027648926
14.62666130065918
14.660479545593262
14.669023513793945
14.6027250289917
14.626533508300781
14.605910301208496
14.649213790893555
14.627626419067383
14.627756118774414
14.614616394042969
14.634902954101562
14.628073692321777
14.636051177978516
14.676315307617188
14.665844917297363
14.685108184814453
13.214648246765137
12.378371238708496
11.025665283203125
10.469878196716309
9.502664566040039
9.030265808105469
8.688369750976562
7.999704837799072
7.692633152008057
7.109219074249268
6.901407241821289
6.661377429962158
6.237183094024658
6.080592632293701
5.703747272491455
5.5519208908081055
5.514187812805176
5.508627891540527
5.531772136688232
5.501861572265625
5.515436172485352
5.566110610961914
5.531633377075195
5.5300822257995605
5.537896156311035
5.563025951385498
3.9522593021392822
3.785714626312256
3.738558769226074
3.6413345336914062
3.56237530708313
3.5023069381713867
3.455477714538574
3.301516532897949
3.253669023513794
3.1541948318481445
3.1076531410217285
3.1016125679016113
2.990839719772339
2.9420907497406006
2.8621418476104736
2.8641180992126465
2.805593729019165
2.683551073074341
2.7157516479492188
2.6532294750213623
2.599254846572876
2.550196647644043
2.4962732791900635
2.467583417892456
2.4668262004852295
2.3893518447875977
2.34810209274292
2.3030340671539307
2.3127572536468506
2.2257039546966553
2.209306001663208
2.2166783809661865
2.1466591358184814
2.099484920501709
2.1124324798583984
2.0536704063415527
2.0365381240844727
1.988181233406067
1.989549994468689
1.9356763362884521
1.9497990608215332
1.8946583271026611
1.900268793106079
1.8569272756576538
1.8677458763122559
1.8020213842391968
1.7811915874481201
1.813787817955017
1.7486635446548462
1.7615171670913696
1.7453356981277466
1.702885627746582
1.698488473892212
1.6495789289474487
1.6626211404800415
1.6432729959487915
1.601475477218628
1.6020381450653076
1.5959378480911255
1.5777802467346191
1.5533181428909302
1.5213944911956787
1.5347654819488525
1.4952203035354614
1.5041265487670898
1.508463978767395
1.4581210613250732
1.455806016921997
1.446189284324646
1.4620099067687988
1.4471622705459595
1.4110710620880127
1.377439022064209
1.3902814388275146
1.3940709829330444
1.3498190641403198
1.325872540473938
1.3579922914505005
1.359761357307434
1.3077309131622314
1.2946678400039673
1.3144148588180542
1.2943601608276367
1.3089346885681152
1.299257516860962
1.249653935432434
1.2482918500900269
1.2496345043182373
1.2609806060791016
1.2642629146575928
1.2141468524932861
1.2089444398880005
1.2065366506576538
1.2043715715408325
1.2174636125564575
1.1954290866851807
1.1935069561004639
1.15032958984375
1.1331496238708496
1.1474740505218506
1.1492596864700317
1.1395577192306519
1.14407217502594
1.156801700592041
1.097540259361267
1.1006056070327759
1.1101971864700317
1.0936994552612305
1.0883961915969849
1.0994312763214111
1.1040927171707153
1.031703233718872
1.0564194917678833
1.0467033386230469
1.0457067489624023
1.0412311553955078
1.048003911972046
1.0595027208328247
1.0551387071609497
1.0579780340194702
0.9962186813354492
1.0158222913742065
1.012656569480896
0.9997027516365051
0.9736024141311646
1.0005114078521729
1.027477741241455
0.9993586540222168
0.9896977543830872
1.0169910192489624
0.9437630772590637
0.9548748135566711
0.9575900435447693
0.9352032542228699
0.9512119293212891
0.9618862867355347
0.9466655850410461
0.9564909338951111
0.949731707572937
0.9602504968643188
0.968482255935669
0.8889697194099426
0.8970960974693298
0.9039157032966614
0.8936482071876526
0.8916995525360107
0.8965023159980774
0.8972695469856262
0.8934205770492554
0.9032686948776245
0.9080647826194763
0.9074527621269226
0.9067935943603516
0.9119250774383545
0.8863317370414734
0.8488339185714722
0.8518902063369751
0.8552576899528503
0.8338388800621033
0.8688071966171265
0.841093897819519
0.8526406288146973
0.857373058795929
0.8608683943748474
0.8431357145309448
0.8445819020271301
0.8537120223045349
0.8558745980262756
0.8591219782829285
0.8494417667388916
0.8430615067481995
0.8366530537605286
0.8174643516540527
0.7862662672996521
0.8070120811462402
0.8028006553649902
0.8076438903808594
0.8095651268959045
0.8135260343551636
0.7994423508644104
0.8040012717247009
0.7804858088493347
0.8004876375198364
0.7909554243087769
0.7984973192214966
0.812414288520813
0.8011071085929871
0.8109518885612488
0.7980329990386963
0.8040446043014526
0.7959100604057312
0.7745864987373352
0.7929096817970276
0.7473841309547424
0.7516263127326965
0.7500801086425781
0.7487929463386536
0.7595424056053162
0.7563158273696899
0.7460849285125732
0.7587854266166687
0.7302044630050659
0.747242271900177
0.748597264289856
0.7631070613861084
0.7447149753570557
0.735361635684967
0.7518565654754639
0.7670252919197083
0.7480045557022095
0.7491114139556885
0.7480539083480835
0.7506272792816162
0.7631431221961975
0.7697533369064331
0.7548325657844543
0.7490818500518799
0.7686629891395569
0.7511242628097534
0.7507961392402649
0.7465621829032898
0.6969881653785706
0.7025540471076965
0.6972732543945312
0.7043315172195435
0.7010716795921326
0.7057130336761475
0.696341872215271
0.6981590390205383
0.7025963664054871
0.7008447647094727
0.7011622786521912
0.7118618488311768
0.6894410848617554
0.6807467937469482
0.7074106335639954
0.6977437734603882
0.7136557102203369
0.6993083357810974
0.6884700655937195
0.7220967411994934
0.7041647434234619
0.6956362724304199
0.692639946937561
0.7057743668556213
0.6933850646018982
0.704047441482544
0.7117892503738403
0.6862539052963257
0.6965773105621338
0.704931914806366
0.7167419195175171
0.7094323635101318
0.6955844163894653
0.7147481441497803
0.696542501449585
0.6984996199607849
0.7038989663124084
0.68916916847229
0.7308548092842102
0.712088406085968
0.7023018598556519
0.6944220066070557
0.6885148286819458
0.7038196921348572
0.7070436477661133
0.6961110234260559
0.6981449127197266
0.6556633114814758
0.64948570728302
0.6315376162528992
0.6567463874816895
0.6525203585624695
0.6573805809020996
0.6425254344940186
0.6288266181945801
0.6375933289527893
0.6530520915985107
0.6708558797836304
0.6735953688621521
0.653095006942749
0.6354872584342957
0.6466994285583496
0.6545282602310181
0.6544233560562134
0.6510045528411865
0.663445234298706
0.6410641670227051
0.6283932328224182
0.6412779092788696
0.6384323835372925
0.6723833680152893
0.6481891870498657
0.6357669234275818
0.6562179923057556
0.6601150035858154
0.650580883026123
0.6519741415977478
0.6602838635444641
0.6551933884620667
0.6430495977401733
0.6559370756149292
0.6593322157859802
0.6534644365310669
0.6587731242179871
0.6558894515037537
0.6476776003837585
0.6485721468925476
0.6561756134033203
0.6445014476776123
0.6615527868270874
0.6622211337089539
0.6297107934951782
0.6493319869041443
0.6425204277038574
0.6436859965324402
0.6514763236045837
0.6483328342437744
0.6556728482246399
0.6532397270202637
0.6537278294563293
0.6421907544136047
0.6465368270874023
0.6646062731742859
0.6252244710922241
0.6671945452690125
0.6444072723388672
0.6618097424507141
0.6240653395652771
0.64582759141922
0.6584984660148621
0.6515123844146729
0.6601700186729431
0.6412631869316101
0.6444161534309387
0.643471896648407
0.6550868153572083
0.6546357274055481
0.6487851738929749
0.6473708152770996
0.6470921635627747
0.6508816480636597
0.6405280828475952
0.6494420766830444
0.6485736966133118
0.6446119546890259
0.6443119049072266
0.6647837162017822
0.6438674330711365
0.6541318893432617
0.6636902093887329
0.6574144959449768
0.6502122282981873
0.6601479649543762
0.6357545852661133
0.6377021074295044
0.6460455656051636
0.647807776927948
0.6490539312362671
0.6688075065612793
0.6668899655342102
0.6496288180351257
0.6525607109069824
0.6409367322921753
0.6531981229782104
0.6365850567817688
0.6640031337738037
0.6448177099227905
0.6555835008621216
0.6369452476501465
0.6639204025268555
0.6561210751533508
0.6696032285690308
0.650688111782074
0.6338072419166565
0.6421634554862976
0.6374501585960388
0.665789008140564
0.6437596678733826
0.6424791216850281
0.7059610486030579
0.7026692628860474
0.7049331068992615
0.6949852108955383
0.6800229549407959
0.686412513256073
0.6780446171760559
0.7128115296363831
0.7091071009635925
0.696263313293457
0.706244945526123
0.7067402005195618
0.7063701748847961
0.7053295373916626
0.7088499069213867
0.7008320093154907
0.6778024435043335
0.672328531742096
0.7126613259315491
0.7059850692749023
0.6748690605163574
0.7017560005187988
0.6912211179733276
0.6945292949676514
0.673964262008667
0.7077304124832153
0.6991662383079529
0.7081844806671143
0.7109093070030212
0.7129142880439758
0.7165147066116333
0.7029389142990112
0.7021909952163696
0.6936215162277222
0.7053089141845703
0.6976279020309448
0.6882337927818298
0.7120500802993774
0.7071787714958191
0.6731372475624084
0.6813473701477051
0.6978256702423096
0.6865721940994263
0.7123637795448303
0.7018953561782837
0.7058019638061523
0.709510862827301
0.7635630369186401
0.7473501563072205
0.7564137578010559
0.7526859641075134
0.7581881880760193
0.7557448744773865
0.7644774317741394
0.7555682063102722
0.7453429102897644
0.7513763904571533
0.7387454509735107
0.7533887624740601
0.7653806209564209
0.7440860867500305
0.7335456013679504
0.7493715286254883
0.7450863122940063
0.750164270401001
0.7442218661308289
0.7509673237800598
0.7399309873580933
0.7658123970031738
0.7478996515274048
0.755357563495636
0.7578372359275818
0.7486478686332703
0.7547452449798584
0.7477009892463684
0.7956889271736145
0.7979393005371094
0.8051097989082336
0.7874359488487244
0.7910703420639038
0.7921119332313538
0.7944992184638977
0.811840832233429
0.7998836040496826
0.7971221804618835
0.8016539216041565
0.8108711242675781
0.7926788330078125
0.8105072379112244
0.7768005728721619
0.7913154363632202
0.8150718212127686
0.8158966302871704
0.8022250533103943
0.7960268259048462
0.8086063861846924
0.8462114930152893
0.865893542766571
0.8622437715530396
0.8580966591835022
0.841909646987915
0.8601707220077515
0.8479099273681641
0.8480803370475769
0.8461999893188477
0.8492609858512878
0.8554840087890625
0.8589823842048645
0.8590096235275269
0.8846197724342346
0.8471050262451172
0.8622068762779236
0.8439252376556396
0.8986440896987915
0.8889291286468506
0.9127836227416992
