-1.43258
-1.44923
-1.42170
-1.44716
-1.53101
-1.42700
-1.43278
-1.44393
-1.45907
-1.47166
-1.47238
-1.46792
-1.52193
-1.50305
-1.52825
-1.46523
-1.54813
-1.55331
-1.55290
-1.54664
-1.39189
-1.41514
-1.42896
-1.41257
-1.47750
-1.47336
-1.44432
-1.46948
-1.46429
-1.48838
-1.46851
-1.41115
-1.49243
-1.49742
-1.47908
-1.49512
-1.57156
-1.58486
-1.53333
-1.56728
-1.53230
-1.57767
-1.60716
-1.61615
-1.63989
-1.64697
-1.66440
-1.69380
-1.61018
-1.61934
-1.70999
-1.72328
-1.67637
-1.73068
-1.70666
-1.76606
-1.59488
-1.59084
-1.55939
-1.66281
-1.58088
-1.61620
-1.58947
-1.57646
-1.72690
-1.68422
-1.64320
-1.69910
-1.71301
-1.73198
-1.83312
-1.76799
-1.77910
-1.81276
-1.84496
-1.92744
-1.85341
-1.82062
-1.89666
-1.71762
-1.94952
-1.92944
-1.93811
-1.90416
-2.03532
-1.97037
-2.04386
-2.01121
-2.08170
-2.11573
-2.08089
-2.18224
-2.13383
-2.10473
-2.24060
-2.26854
-2.35376
-2.32385
-2.26646
-2.32025
-2.42170
-2.31127
-2.46921
-2.47990
-2.45937
-2.54557
-2.50626
-2.53342
-2.68887
-2.63665
-2.71135
-2.78133
-2.81912
-2.86416
-2.99547
-2.83870
-2.89403
-3.04172
-2.96741
-3.12650
-3.16690
-3.19159
-2.94466
-2.88184
-2.91155
-3.03363
-2.99995
-3.02217
-3.25950
-3.10047
-3.19122
-3.39167
-3.32460
-3.56959
-3.60212
-3.81612
-3.74870
-3.83426
-4.04937
-4.10663
-4.13568
-4.16107
-4.19207
-4.39707
-4.60697
-4.61451
-4.72336
-4.91992
-5.18833
-5.54375
-5.33272
-6.04208
-5.73724
-6.08315
-6.52660
-6.88423
-6.93247
-7.24955
-8.04847
-7.93037
-8.52497
-8.64050
-9.42032
-10.07664
-10.81052
-10.96824
-12.52245
-13.59599
-14.07255
-16.30182
-17.98203
-20.48081
-23.11171
-26.87391
-30.48559
-38.89495
-52.23986
-75.81795
-144.55189
-3131.30234
164.69555
85.15831
55.93136
39.76600
32.21917
25.50202
22.56742
20.40806
17.26582
15.83572
14.73615
13.67043
12.18312
11.59499
11.43356
10.14595
9.68278
9.07320
8.68829
7.92134
7.99157
7.71000
6.79897
6.77662
6.31447
5.99085
6.01217
5.70460
5.61187
5.08690
5.36731
5.09967
4.87245
4.67597
4.39814
4.61334
4.27886
4.38606
4.30169
4.06517
4.09657
3.70712
3.86129
3.76174
3.61549
3.47540
3.45544
3.44958
3.40292
3.27270
3.10539
3.09916
3.07691
3.07655
2.96969
2.98842
2.82312
2.65578
2.77347
2.65601
2.78677
2.57066
2.44528
2.54590
2.47090
2.47598
2.41664
2.41258
2.40349
2.39917
2.27094
2.24383
2.19581
2.55208
2.50814
2.51255
2.44714
2.39133
2.36816
2.38233
2.36176
2.33647
2.22235
2.28011
2.21060
2.19357
2.12451
2.13578
2.06756
