-3.41237
-3.24817
-3.26576
-3.32779
-3.33751
-3.31095
-3.38399
-3.44114
-3.37434
-3.40879
-3.42552
-3.43241
-3.23740
-3.32226
-3.38212
-3.31500
-3.36586
-3.38699
-3.37520
-3.43238
-3.46471
-3.48664
-3.53169
-3.54347
-3.34429
-3.39445
-3.32758
-3.44121
-3.46218
-3.39761
-3.50267
-3.51960
-3.47647
-3.52638
-3.60491
-3.55726
-3.56804
-3.61862
-3.67236
-3.57143
-3.53822
-3.53388
-3.62965
-3.61722
-3.57639
-3.63920
-3.61291
-3.68101
-3.69416
-3.72302
-3.73174
-3.78836
-3.81580
-3.85303
-3.85330
-3.83792
-3.87098
-3.75979
-3.82580
-3.74187
-3.83232
-3.87068
-3.90282
-3.98248
-3.97965
-3.93858
-4.05837
-3.99061
-4.12385
-4.10477
-4.13037
-4.11125
-4.13735
-4.29137
-4.31746
-4.38602
-4.36339
-4.45057
-4.49682
-4.51320
-4.34709
-4.39890
-4.39229
-4.53864
-4.43025
-4.40894
-4.56245
-4.64015
-4.67462
-4.70935
-4.84899
-4.76864
-4.86335
-4.96338
-4.93444
-5.01589
-5.08556
-5.06316
-5.20782
-5.26417
-5.35019
-5.43650
-5.41525
-5.59197
-5.60766
-5.67155
-5.80076
-5.70406
-5.98202
-6.08738
-6.00668
-6.17666
-6.18271
-6.26415
-6.40517
-6.23427
-6.18858
-6.39797
-6.34522
-6.48105
-6.67164
-6.89491
-7.00499
-6.98473
-7.18307
-7.47464
-7.33105
-7.48251
-7.71404
-7.73520
-7.99595
-8.07694
-8.34390
-8.49209
-8.80673
-8.97963
-9.12981
-9.25155
-9.71178
-9.60553
-10.17134
-10.27133
-10.74496
-10.94464
-11.22255
-11.33114
-11.89544
-12.34611
-12.47271
-13.10781
-13.68537
-13.80786
-14.28814
-14.63496
-15.41761
-16.46201
-16.97533
-17.48770
-18.78807
-19.82948
-20.36669
-21.57277
-22.74427
-24.02124
-25.71643
-27.92476
-30.28863
-32.88278
-35.36097
-38.23895
-43.38334
-47.63660
-54.84482
-63.73999
-76.60341
-96.58989
-127.30218
-187.59178
-376.47419
-7563.11647
411.02864
200.46156
131.82512
97.19534
78.43457
65.47531
56.96121
49.68124
42.56105
38.40019
35.88220
32.02237
30.61397
27.39812
25.83755
24.67394
22.97919
21.64371
20.31410
19.57379
18.55701
17.80089
17.29498
16.47230
15.55371
15.25387
14.52817
14.09508
13.60467
12.89498
12.74321
12.07884
12.07271
11.91640
11.00762
10.61735
10.79127
10.51358
10.18148
9.71494
9.48252
9.26694
9.18260
9.00050
8.69455
8.71672
8.32483
8.15689
7.93158
7.98376
7.92221
7.55715
7.35880
7.32859
7.23447
7.07790
6.96183
6.74340
6.78031
6.52904
6.44739
6.39033
6.34658
6.06439
6.21933
6.43412
6.38125
6.19788
6.06492
6.07540
5.85289
6.03825
5.74059
5.74189
5.75325
5.58279
5.51576
5.43437
5.35711
5.22659
5.24231
5.09777
5.00646
5.03015
5.01455
4.99781
4.80387
4.89668
4.71859
4.68969
4.63253
4.65680
4.52072
4.44974
4.56169
4.39993
4.31202
4.32956
4.21699
4.25199
4.47735
4.40950
4.32297
4.34955
4.23440
4.24636
4.25842
4.12696
4.12095
4.15772
4.07234
4.08127
3.95671
3.96039
3.94433
3.97953
3.86754
3.84956
3.89639
3.84552
3.83361
3.80103
3.65896
3.67832
3.92718
3.88985
3.80831
3.83117
3.77658
3.75110
3.71508
3.70310
3.58454
3.69617
3.59182
3.56198
3.49163
3.46267
3.49140
3.50204
3.47532
3.45497
3.55529
3.57069
3.53329
3.56410
3.51384
3.39771
3.49051
3.47391
3.39300
3.41028
3.45285
3.35501
3.34541
3.34599
3.46416
3.48754
3.37147
3.46680
3.44049
3.40834
3.38336
3.33177
3.40735
3.35574
3.30898
3.30406
3.36978
3.45705
3.40070
3.39850
3.34525
3.38363
3.36176
3.32950
3.27943
3.26035
3.28898
3.41296
3.37296
3.38590
3.33742
3.35373
3.35707
3.31259
3.30923
3.30595
3.31264
3.38056
3.35168
3.37241
3.32087
3.38946
3.38035
3.32230
3.28673
3.38421
3.43145
3.37160
3.38661
3.35524
3.37301
3.29382
3.32027
3.45434
3.40670
3.40641
3.40586
3.37135
3.44468
3.42955
3.51831
3.51758
3.50251
3.49434
3.45811
3.55600
3.57334
3.56980
3.52310
3.52198
3.52214
3.66512
3.60323
3.60292
3.58845
3.59328
3.71545
3.66400
3.69219
3.64044
3.66916
3.74904
3.76921
3.69880
3.69816
3.73926
3.84654
3.78491
3.79186
3.83186
3.97385
3.90314
3.87336
3.99010
3.98998
3.98755
3.97479
4.04316
4.02470
4.04609
3.99503
4.13923
4.12874
4.13610
4.23110
4.23980
4.32879
4.30526
4.30644
4.42019
4.37771
4.37939
4.51573
4.49160
4.60036
4.58005
4.59087
4.67834
4.61332
4.77396
4.76230
4.72454
4.87242
4.94398
4.90284
4.96425
5.00410
5.07360
5.11573
5.20087
5.29561
5.26102
5.38772
5.37482
5.47683
5.56436
5.59617
5.68622
5.79971
5.76230
5.94866
5.95249
6.06620
6.11571
6.27080
6.34029
6.42910
6.42623
6.64651
6.79623
6.80781
6.95056
6.98281
7.11232
7.22350
7.26680
7.51498
7.59546
7.74170
7.87549
8.08324
8.28295
8.37853
8.65782
8.76375
8.97456
9.24976
9.35466
9.57031
9.81682
10.04333
10.42495
10.65075
10.79412
11.20638
11.54744
12.02389
12.30252
12.61745
13.17050
13.50648
14.19170
14.57153
14.97213
15.88680
16.39504
16.89808
18.06117
18.64013
20.05051
20.87419
21.74972
23.78755
24.83766
27.43757
28.94371
30.62382
34.73256
39.49563
42.47600
42.91334
42.91757
42.87903
42.83700
42.89121
42.86344
42.85541
42.92068
60.03662
60.05540
60.01492
59.96921
59.98906
60.04521
60.03400
60.02869
60.03036
60.02658
60.02096
47.11956
33.24461
31.31522
29.59538
26.65149
25.36531
23.13672
22.23444
21.35393
19.79281
19.11036
18.48304
17.31864
16.79088
15.79243
15.28221
14.92018
14.13715
13.81795
13.17612
12.80410
12.49560
12.01233
11.73137
11.50946
11.06642
10.86039
10.44515
10.24708
10.02341
9.77182
9.52289
9.22820
9.06595
8.97582
8.69981
8.55450
8.30297
8.17741
8.06322
7.88446
7.80965
7.68866
7.49562
7.40723
7.19751
7.11762
7.01221
6.89315
6.83173
6.63841
6.64761
6.55689
6.45747
6.32641
6.22752
6.15066
6.07456
6.00823
5.98323
5.89493
5.76353
5.67683
5.57361
5.59664
5.48629
5.36498
5.41776
5.42715
5.29310
5.19347
5.16463
5.11563
5.13997
5.04047
5.04918
4.97087
4.83298
4.85773
4.74346
4.77212
4.72609
4.68691
4.70837
4.55455
4.62035
4.56652
4.48381
4.50521
4.45226
4.44064
4.41698
4.31089
4.34733
4.20550
4.20984
4.25450
4.14497
4.16208
4.17292
4.15791
4.06742
4.08626
4.11463
3.95948
3.97737
3.98430
4.02373
3.88751
3.92115
3.91479
3.92138
3.87466
3.83413
3.81624
3.88454
3.72833
3.75172
3.76723
3.79885
3.66089
3.66657
3.69906
3.70170
3.71628
3.63421
3.62128
3.66105
3.65620
3.69731
3.65187
3.55493
3.53723
3.58717
3.58371
3.59046
3.49677
3.52347
3.47083
3.55068
3.54839
3.52615
3.50900
3.46077
3.44741
3.48631
3.55726
3.46464
3.50799
3.46770
3.40761
3.37892
3.41556
3.45404
3.46195
3.48022
3.46226
3.50150
3.39885
3.37076
3.44810
3.38658
3.41258
3.44765
3.44817
3.49397
3.47580
3.39329
3.34064
3.36247
3.41919
3.40094
3.43231
3.44006
3.48757
3.52701
3.53639
3.37451
3.40824
3.40221
3.44122
3.42611
3.43423
3.43973
3.53205
3.47677
3.53062
3.52253
3.36115
3.40770
3.47853
3.49207
3.43197
3.44752
3.49978
3.56267
3.60982
3.56959
3.58006
3.55311
3.47065
3.47034
3.47922
3.50796
3.58957
3.51374
3.58350
3.58835
3.58635
3.67579
3.69166
3.65792
3.75712
3.75522
3.81946
3.75841
3.67066
3.63480
3.67620
3.70542
3.71750
3.71289
3.79438
3.76165
3.79964
3.83956
3.87773
3.92559
3.96574
3.99257
4.01755
4.00408
4.13477
4.04265
4.18351
4.12965
3.94221
4.07569
4.02531
4.04797
4.08328
4.11774
4.21788
4.24694
4.22520
4.37425
4.36796
4.35920
4.40237
4.51589
4.57993
4.63204
4.59228
4.68750
4.77947
4.75875
4.78245
4.81814
4.89758
5.04049
4.93696
5.09768
4.93497
4.83547
4.93604
4.94562
4.97116
5.02895
5.07326
5.23856
5.24583
5.28865
5.44903
5.41800
5.57254
5.66233
5.81600
5.77140
5.90567
5.93351
5.90091
6.13208
6.05494
6.24012
6.33506
6.44375
6.50631
6.75544
6.68509
6.89012
7.01572
7.21176
7.06771
7.34305
7.46536
7.58769
7.62839
7.95521
8.02107
8.05620
8.38201
8.49768
8.72632
8.97455
9.05922
9.48480
8.79256
9.04094
9.49614
9.53556
9.77903
9.94318
10.24632
10.59849
11.05138
11.39704
11.73740
12.04733
12.28495
12.72435
12.66137
13.64818
14.23811
14.52055
15.28839
15.91295
16.18128
17.20501
17.96073
18.55667
19.79343
20.76193
21.87769
23.29626
24.45188
26.70666
27.74088
30.54001
32.85279
35.21190
40.41457
43.96863
48.32007
56.60762
65.65681
79.39779
97.90440
131.55190
201.82432
418.05753
-7624.41811
-378.82278
-188.08161
-128.44547
-96.14385
-77.80978
-65.35599
-55.95086
-48.47760
-43.42044
-38.40499
-35.17372
-32.03338
-30.27977
-27.35302
-26.40386
-24.53015
-22.61557
-21.80461
-20.72785
-19.29782
-18.40475
-17.54097
-17.05740
-16.16912
-15.98100
-14.81138
-14.49440
-14.21043
-13.34043
-12.89953
-12.73915
-12.02421
-12.06373
-11.42537
-11.29355
-10.80600
-10.52733
-10.22674
-10.00600
-9.73009
-9.68742
-9.41032
-9.00184
-8.89997
-8.59350
-9.03875
-8.88245
-8.90765
-8.50047
-8.38897
-8.30393
-7.89668
-7.95678
-7.61912
-7.63355
-7.53220
-7.32564
-7.08069
-7.02551
-6.94728
-6.80652
-6.66440
-6.65779
-6.47361
-6.43915
-6.34833
-6.27714
-6.11073
-5.97571
-6.04378
-6.05380
-5.89866
-5.75033
-5.66802
-5.58480
-5.52273
-5.51727
-5.50104
-5.41571
-5.22759
-5.17339
-5.19145
-5.20046
-4.96565
-4.98539
-4.97063
-4.77411
-4.77358
-5.04965
-4.93415
-4.98705
-4.89742
-4.87072
-4.81587
-4.67575
-4.70457
-4.71293
-4.56899
-4.53519
-4.51844
-4.46486
-4.38146
-4.33902
-4.29296
-4.33174
-4.36729
-4.10775
-4.23781
-4.18032
-4.08304
-4.12148
-4.07230
-4.03371
-3.95302
-4.12888
-4.19568
-4.11738
-4.05594
-4.02755
-4.07028
-3.99579
-3.91423
-3.87141
-3.83224
-3.88815
-3.85475
-3.82235
-3.79185
-3.80162
-3.68277
-3.70399
-3.66254
-3.71634
-3.65054
-3.79417
-3.79101
-3.71799
-3.72596
-3.73682
-3.62185
-3.61236
-3.66258
-3.55261
-3.53652
-3.60695
-3.58189
-3.47557
-3.55507
-3.52337
-3.43193
-3.60027
-3.50069
-3.58018
-3.54590
-3.56212
-3.50355
-3.47682
-3.47347
-3.46955
-3.46400
-3.36247
-3.35809
-3.35534
-3.50429
-3.49422
-3.49619
-3.46080
-3.42965
-3.43678
-3.45410
-3.39116
-3.39079
-3.37363
-3.31434
-3.48142
-3.45628
-3.48611
-3.47935
