-4.11574
-4.14513
-4.16331
-4.19049
-4.21516
-4.27175
-4.07097
-4.10921
-4.08655
-4.12248
-4.18230
-4.22331
-4.21755
-4.24331
-4.25814
-4.26444
-4.28357
-4.20842
-4.19911
-4.18112
-4.20225
-4.31268
-4.22382
-4.33494
-4.33178
-4.31897
-4.37346
-4.24615
-4.23125
-4.30975
-4.28200
-4.30494
-4.34212
-4.42175
-4.35022
-4.42096
-4.47132
-4.42739
-4.52271
-4.56832
-4.60310
-4.45492
-4.45438
-4.43000
-4.47304
-4.55800
-4.57937
-4.61505
-4.64601
-4.59215
-4.69192
-4.71064
-4.74825
-4.77869
-4.74521
-4.88226
-4.96155
-4.73833
-4.79075
-4.76996
-4.85424
-4.82609
-4.89089
-4.94458
-4.96246
-5.00880
-5.04070
-5.14246
-5.24367
-5.21930
-5.30073
-5.21890
-5.35741
-5.41573
-5.39026
-5.43578
-5.45649
-5.43489
-5.39618
-5.40434
-5.55112
-5.58914
-5.57462
-5.63032
-5.72875
-5.78720
-5.79403
-5.97562
-5.96093
-5.93436
-5.91222
-6.05650
-6.28707
-6.36831
-6.32554
-6.48470
-6.47182
-6.59282
-6.63832
-6.72126
-6.83816
-6.90823
-7.08553
-7.11192
-7.13581
-6.86770
-7.10437
-7.08327
-7.14919
-7.29113
-7.38148
-7.56824
-7.55536
-7.74154
-7.82288
-8.01362
-8.10243
-8.35223
-8.32915
-8.55766
-8.58578
-8.77585
-8.83245
-9.05260
-9.35965
-9.29474
-9.64749
-9.76674
-9.96890
-10.12379
-10.27143
-10.71126
-10.66883
-11.06975
-11.29395
-11.52359
-11.92292
-12.00655
-12.24801
-12.70984
-13.14555
-13.28528
-13.73665
-13.90105
-14.69859
-14.94446
-15.27031
-15.98766
-16.40859
-16.94620
-17.18696
-18.28551
-18.87325
-19.21125
-19.93403
-21.08212
-22.16404
-23.00413
-23.68904
-25.11317
-26.90421
-28.38151
-29.38676
-31.20427
-33.11569
-35.75486
-38.71279
-42.62709
-46.28549
-49.42031
-55.52985
-62.71818
-71.74689
-84.07266
-100.72562
-125.72921
-167.10040
-244.51994
-475.61501
-9925.35169
531.81196
262.50750
171.23631
127.50942
102.17269
84.62019
73.64355
64.37286
55.30141
50.55106
46.46315
42.61317
38.82351
36.14447
34.35242
31.74075
29.51269
28.01874
26.65661
25.06030
24.19679
22.99223
22.37459
21.16612
20.67555
19.77276
18.82072
18.08465
17.44507
17.20806
16.57213
15.69098
15.53084
14.93117
14.71267
14.14685
13.62228
13.27294
13.07955
12.80125
12.55758
12.14150
11.74904
11.60433
11.25627
11.07059
10.69194
10.59722
10.40421
10.12993
10.01646
9.80501
9.55489
9.35638
9.03335
9.24042
9.33002
9.24236
8.96223
8.79347
8.86123
8.68606
8.55331
8.26917
8.15537
8.15863
8.05384
7.90763
7.90371
7.57256
7.50736
7.35592
7.28989
7.38519
7.13848
7.12427
6.96412
6.85363
6.84648
6.76402
6.62785
6.56481
6.52613
6.44818
6.43930
6.58203
6.46299
6.45652
6.38497
6.31174
6.33723
6.17385
6.07622
6.06090
6.03992
5.94278
5.94521
5.82445
5.89370
5.76147
5.66387
5.66305
5.52597
5.57880
5.39578
5.61061
5.57173
5.57647
5.49203
5.42990
5.43300
5.30959
5.28811
5.24369
5.11584
5.14797
5.11178
5.06224
5.00015
5.02161
5.02229
5.22669
5.13692
5.05344
4.71191
4.81671
4.71862
4.70696
4.75033
4.64821
4.58968
4.40328
4.45075
4.35847
4.34164
4.28663
4.27617
4.29385
4.09100
4.08008
3.91257
4.00493
3.92749
3.93619
3.86841
3.97294
3.67984
3.64098
3.57289
3.74443
3.59664
3.57156
3.56422
3.53555
3.51090
3.41785
3.35124
3.37212
3.31338
3.22432
3.28164
3.25133
3.23931
3.20789
3.21963
3.05502
3.00302
3.00822
2.98684
2.97560
2.88814
2.91329
2.90368
2.87746
2.93901
2.86437
2.68631
2.67998
2.71859
2.74326
2.67629
2.63487
2.65963
2.68013
2.68751
2.62438
2.57828
2.58830
2.62191
2.52084
2.42721
2.39366
2.36339
2.41977
2.35579
2.37490
2.35535
2.37274
2.33891
2.35399
2.35656
2.34853
2.36185
2.30745
2.33784
2.37674
2.28964
2.16699
2.12138
2.16343
2.18583
2.17354
2.12667
2.11061
2.10874
2.13075
2.10207
2.08819
2.07199
2.12341
2.09208
2.07731
2.05994
2.02945
2.06974
2.08002
2.05832
1.94857
1.91135
1.90892
1.92179
1.90130
1.88668
1.86022
1.87278
1.83921
1.88726
1.87926
1.87430
1.87233
1.85559
1.79364
1.80851
1.81759
1.84258
1.80130
1.80497
1.82087
1.75314
1.78874
1.81983
1.79280
1.82595
1.80697
1.78782
1.79673
1.66750
1.65940
1.66854
1.65896
1.68128
1.66328
1.64011
1.63575
1.65278
1.64337
1.64833
1.64583
1.63035
1.61975
1.62744
1.61652
1.65226
1.60195
1.61174
1.63321
1.61102
1.59910
1.58194
1.58372
1.58850
1.64293
1.60332
1.56140
1.58977
1.60235
1.55159
1.57591
1.58003
1.55515
1.58792
1.54806
1.59762
1.56844
1.52755
1.54715
1.57171
1.56784
1.56339
1.57361
1.57258
1.55264
1.56761
1.54498
1.55546
1.59666
1.41399
1.42181
1.45090
1.48363
1.44698
1.40756
1.40596
1.46921
1.39918
1.44399
1.47133
1.40318
1.43093
1.42649
1.43114
1.43939
1.40326
1.45289
1.39223
1.42406
1.40878
1.43231
1.41786
1.41644
1.45313
1.41020
1.41573
1.41715
1.42935
1.37700
1.39467
1.42929
1.41629
1.35677
1.41506
1.40727
1.42639
1.43520
1.38754
1.40857
1.36300
1.37955
1.37476
1.39642
1.39917
1.40013
1.39435
1.40798
1.40084
1.39111
1.37657
1.36239
1.37413
1.40480
1.41594
1.38623
1.41321
1.40603
1.38122
1.40665
1.36456
1.37732
1.38937
1.38795
1.39399
1.37378
1.38576
1.43239
1.39422
1.42844
1.38799
1.36519
1.36192
1.40358
1.40229
1.38594
1.39655
1.45753
1.45540
1.42039
1.42861
1.41549
1.41477
1.38869
1.44931
1.37908
1.42594
1.41286
1.41911
1.38480
1.46719
1.40781
1.50953
1.54378
1.50807
1.50148
1.47894
1.52530
1.54260
1.50560
1.56306
1.49966
1.53768
1.50992
1.53223
1.56698
1.52734
1.57993
1.55917
1.55591
1.55557
1.55272
1.55450
1.53210
1.54805
1.55970
1.50633
1.55894
1.53767
1.55148
1.49516
1.57425
1.52147
1.59425
1.57860
1.59096
1.59042
1.56880
1.57491
1.55754
1.61748
1.62476
1.58653
1.57368
1.61202
1.59732
1.56495
1.63493
1.61333
1.62276
1.62616
1.69443
1.75585
1.69696
1.74554
1.72213
1.76832
1.74107
1.75496
1.76074
1.78185
1.75885
1.72719
1.78819
1.76637
1.78369
1.77574
1.75039
1.81404
1.78267
1.77133
1.76431
1.80216
1.78088
1.80058
1.83232
1.78399
1.80755
1.83223
1.82062
1.93310
1.93463
1.93165
1.96174
1.96458
1.98591
1.95790
1.96494
2.00047
1.99586
1.96192
1.99023
1.96453
1.95500
2.02781
2.03045
2.00373
2.01699
2.04778
2.09348
2.12975
2.14631
2.16938
2.19056
2.18179
2.17772
2.24902
2.21738
2.23632
2.19346
2.18955
2.26100
2.24210
2.22238
2.24568
2.25601
2.24788
2.41536
2.44080
2.45280
2.42097
2.46039
2.42373
2.44212
2.48241
2.47927
2.51600
2.49306
2.53648
2.55368
2.54109
2.68537
2.69517
2.69103
2.71194
2.74961
2.75638
2.70751
2.76540
2.71866
2.79560
2.81154
2.93972
2.94626
2.96803
2.94856
3.00369
3.00451
3.00342
2.99794
3.03244
3.09470
3.20323
3.19380
3.25530
3.23662
3.25595
3.36027
3.30424
3.32790
3.33766
3.37479
3.51556
3.56490
3.59963
3.55367
3.57214
3.58945
3.63804
3.68404
3.81996
3.89280
3.87291
3.86616
3.92048
3.91632
4.06218
4.17564
4.23426
4.19065
4.22103
4.30461
4.27982
4.51964
4.54275
4.55611
4.59121
4.59074
4.79617
4.86497
4.78278
4.92007
4.87988
5.16669
5.16822
5.17285
5.15947
5.34749
5.28304
5.60775
5.61138
5.63848
5.66628
5.94596
6.00103
6.00319
6.10793
6.28068
6.41102
6.41338
6.49429
6.68703
6.78803
6.87120
7.11949
7.16387
7.24017
7.30273
7.56998
7.61447
7.74783
8.05845
8.01945
8.16931
8.43937
8.49382
8.64484
8.90140
9.00693
9.34077
9.43870
9.76171
10.01424
10.01102
10.29808
10.44223
10.90595
11.23993
11.25736
11.48367
11.86549
12.02384
12.46566
12.85713
13.00195
13.44922
13.65837
14.11363
14.57694
14.82256
15.20725
15.77944
16.13532
16.92986
16.94692
17.62224
18.33362
18.84591
19.38881
20.23134
20.46516
21.49698
22.21772
22.88489
23.68154
24.27586
25.62725
26.49951
27.82304
28.64962
29.64559
30.92497
31.96649
33.07051
34.85467
35.96299
38.39033
39.52588
41.44151
43.83046
45.86041
48.79931
50.98713
53.43228
56.84702
60.16023
62.80363
67.44642
71.41615
76.82319
81.80598
86.40836
94.55654
100.19079
110.97436
118.44527
126.33872
141.68428
153.01197
164.99513
188.40450
205.58385
237.88473
261.97016
291.10565
348.11841
393.42370
486.58353
564.69920
641.52589
738.42498
789.48256
851.70671
923.19117
1007.28111
1107.44731
1231.81922
1386.13185
1586.10835
1853.64868
2226.49187
2787.40021
3743.45617
5657.96121
11609.17044
-215730.88560
-9260.19908
-4434.95317
-2641.38621
-1882.20646
-1433.59101
-1086.84842
-889.99306
-715.37322
-611.91167
-531.23700
-449.36020
-398.75528
-345.40042
-310.77551
-281.13162
-249.25791
-227.83030
-204.26577
-188.65815
-174.42882
-158.49764
-148.29214
-138.91472
-127.35889
-119.79869
-110.35717
-104.09827
-98.88874
-92.20498
-87.30797
-81.76833
-77.68502
-73.88646
-69.28758
-66.41923
-63.27716
-59.92264
-57.48405
-54.54157
-52.46824
-50.12815
-47.67979
-46.20429
-44.07940
-42.55286
-40.82227
-39.00065
-37.56932
-36.74752
-35.22520
-33.98909
-32.41647
-31.59578
-30.57963
-29.37350
-28.56197
-27.73659
-26.78549
-25.97591
-25.14726
-24.36833
-23.64375
-23.22750
-22.44961
-21.75564
-21.12532
-20.90637
-20.21388
-19.57828
-19.05746
-18.91030
-18.14073
-17.61601
-17.36399
-16.86567
-16.34824
-16.02227
-15.64604
-15.45235
-14.89597
-14.81430
-14.42667
-14.15770
-13.76475
-13.51633
-13.11389
-12.98732
-12.58722
-12.42756
-12.28237
-11.91805
-11.79862
-11.36190
-11.29804
-10.94508
-10.84211
-10.81135
-10.44778
-10.23129
-10.10659
-9.86096
-9.71229
-9.63464
-9.35573
-9.23558
-9.04392
-8.92264
-8.81979
-8.80659
-8.46329
-8.33202
-8.26291
-8.01090
-7.95501
-7.85730
-7.88111
-7.54930
-7.55649
-7.49957
-7.38955
-7.12638
-7.08330
-7.06255
-6.98902
-6.77394
-6.75031
-6.62129
-6.66473
-6.59128
-6.28936
-6.29998
-6.25316
-6.22512
-6.04566
-5.96311
-5.90603
-5.94613
-5.88444
-5.84278
-5.62601
-5.55942
-5.53138
-5.52630
-5.44337
-5.27553
-5.15968
-5.25943
-5.16143
-5.12110
-5.08079
-4.92617
-4.96496
-4.85275
-4.93688
-4.85007
-4.76313
-4.78569
-4.58507
-4.53889
-4.59523
-4.53103
-4.41793
-4.42617
-4.43860
-4.29899
-4.27073
-4.22038
-4.15398
-4.19573
-4.19641
-4.13336
-3.98462
-3.97219
-3.98829
-3.93558
-3.98800
-3.93093
-3.91529
