-3.08124
-3.16091
-3.18587
-3.24196
-3.21204
-3.15293
-3.08175
-3.04556
-3.09037
-3.12019
-3.13010
-3.21010
-3.17362
-3.15856
-3.14659
-3.22314
-3.18653
-3.25167
-3.11562
-3.06833
-3.08936
-3.11498
-3.16108
-3.13505
-3.20042
-3.19064
-3.24016
-3.23574
-3.26814
-3.31163
-3.32847
-3.33121
-3.16418
-3.23323
-3.18323
-3.25553
-3.27060
-3.34361
-3.28738
-3.32466
-3.33639
-3.40720
-3.40821
-3.41048
-3.43301
-3.35833
-3.42778
-3.53377
-3.55167
-3.57547
-3.32555
-3.40824
-3.40630
-3.46680
-3.43828
-3.51490
-3.52564
-3.52420
-3.49871
-3.65096
-3.63531
-3.64246
-3.61798
-3.67358
-3.72054
-3.79259
-3.80021
-3.79885
-3.87593
-3.90728
-3.86630
-4.06760
-4.01950
-3.98306
-3.81767
-3.94870
-3.90547
-3.93121
-3.98540
-4.07164
-4.06916
-4.06876
-4.10162
-4.22471
-4.19117
-4.28617
-4.29997
-4.34537
-4.35052
-4.43194
-4.45566
-4.48840
-4.60714
-4.71986
-4.60514
-4.77089
-4.86496
-4.85097
-4.92310
-4.97702
-5.14859
-5.11909
-5.18773
-5.24035
-5.25466
-5.34621
-5.47695
-5.41950
-5.13600
-5.28934
-5.43961
-5.42957
-5.59947
-5.76589
-5.78379
-5.91173
-5.92262
-5.96927
-6.11040
-6.31088
-6.27078
-6.28129
-6.58279
-6.49991
-6.76024
-6.78690
-6.93540
-7.12409
-7.12534
-7.45934
-7.45386
-7.65573
-7.87649
-7.96514
-8.31648
-8.26972
-8.50075
-8.86128
-9.08221
-9.10284
-9.18956
-9.79100
-9.78802
-10.11150
-10.68319
-10.79665
-11.19691
-11.45714
-11.74589
-12.43153
-12.74604
-13.22713
-13.97408
-13.99126
-14.69383
-15.26079
-16.20386
-16.83464
-17.06121
-17.86759
-19.58307
-20.59732
-21.36680
-22.38945
-24.26440
-25.65042
-27.54587
-30.05762
-33.39347
-36.12428
-40.89593
-46.17647
-51.38797
-60.40171
-72.97940
-91.74311
-122.07812
-181.85628
-354.56556
-7260.87843
386.88256
189.86061
126.65407
96.08525
72.89635
61.98981
52.64548
45.24758
40.42281
37.21594
34.23277
30.62182
27.57930
26.22889
24.44812
22.77720
21.33841
20.88722
20.24862
18.48293
17.51431
16.93559
15.97023
15.03754
14.65007
14.05704
13.65069
13.05188
13.03210
12.38344
11.94405
11.42682
11.22799
10.83844
10.45189
10.33303
10.10968
9.66432
9.57729
9.23390
8.81602
8.60340
8.61824
8.37434
8.22509
8.03504
8.00881
7.69237
7.57661
7.39847
7.30723
7.21611
7.10187
6.85822
6.71644
6.54883
6.59469
6.42062
6.42784
6.25070
5.99919
5.88934
5.85747
5.81212
5.80724
5.64629
5.52553
5.44395
5.45627
5.22963
5.27531
5.16527
5.53950
5.34458
5.40155
5.22882
5.17790
5.12087
5.08142
5.03865
4.85661
4.86402
4.88033
4.77197
4.72374
4.60280
4.62224
4.54262
4.53086
4.38515
4.36626
4.36681
4.32249
4.20828
4.26424
4.20401
4.16303
4.12874
4.04955
3.97505
3.92216
3.93238
3.88988
3.94342
3.95214
3.79809
4.00601
3.99248
3.92424
3.95077
3.97694
3.90988
3.80797
3.69356
3.73761
3.75193
3.66782
3.64991
3.57085
3.64313
3.52769
3.51864
3.52285
3.40266
3.53719
3.46391
3.40153
3.46374
3.36479
3.52614
3.54714
3.49885
3.45827
3.50555
3.36193
3.39077
3.32674
3.37014
3.29910
3.32194
3.27624
3.29665
3.21187
3.23656
3.18634
3.20888
3.14090
3.33584
3.32234
3.27080
3.27959
3.23182
3.19427
3.12780
3.19867
3.22053
3.17187
3.14528
3.16921
3.13827
3.07387
3.08088
3.02638
3.25124
3.15849
3.19853
3.13781
3.09788
3.17177
3.11976
3.12777
3.10416
3.09076
3.06624
3.01635
3.16652
3.14628
3.16030
3.11553
3.11578
3.14824
3.07107
3.08742
3.05789
3.00610
3.02555
3.18806
3.16052
3.15128
3.09668
3.09894
3.08917
3.07601
3.07506
3.05028
3.20837
3.14126
3.18307
3.17997
3.11307
3.13365
3.16396
3.13616
3.24039
3.17742
3.17842
3.17492
3.17028
3.18654
3.17030
3.28771
3.23193
3.25630
3.27738
3.19818
3.23814
3.22670
3.35097
3.30954
3.27355
3.27431
3.27314
3.28082
3.41125
3.33689
3.31449
3.34798
3.35894
3.33524
3.46135
3.47993
3.42415
3.45753
3.40711
3.49901
3.49683
3.50663
3.50469
3.58502
3.60862
3.58021
3.57366
3.51640
3.68887
3.69303
3.61282
3.65408
3.72674
3.70945
3.74450
3.74885
3.81466
3.82098
3.81059
3.88585
3.89623
3.91634
4.03758
3.97503
3.98874
3.97510
4.08896
4.08758
4.09261
4.14539
4.18723
4.26563
4.24347
4.21296
4.32281
4.30739
4.42576
4.40926
4.44665
4.54834
4.51299
4.62390
4.71024
4.70458
4.79472
4.77195
4.77885
4.88697
4.98934
4.99285
5.00960
5.04053
5.13964
5.27756
5.35007
5.31998
5.48913
5.51850
5.53185
5.61517
5.72194
5.85159
5.95776
5.93536
5.97920
6.11998
6.15432
6.43748
6.38428
6.49490
6.66804
6.77219
6.79968
6.99766
10.63114
10.59406
10.58452
10.61940
10.50325
10.55674
10.51093
10.44643
10.49142
10.50843
10.40678
10.41687
10.42939
10.36577
10.41832
10.59990
10.73833
11.12153
11.39461
11.95560
12.19286
12.44929
13.14204
13.44355
14.11263
14.50127
14.44326
14.52453
14.48583
14.50879
14.41142
14.38621
14.37856
14.44620
14.38991
14.39734
14.43053
14.39556
14.40147
14.39866
14.35138
14.36214
14.30470
14.36207
14.38538
14.27094
14.38992
14.33921
14.27608
14.25949
14.37632
59.99119
59.99339
60.00864
60.01357
60.02513
59.99664
60.02095
60.05766
60.03239
60.05845
60.07806
60.09106
60.07617
60.08079
60.12330
60.10910
60.14429
60.13681
60.17649
60.23151
60.21213
60.24747
60.29864
60.32825
60.32490
20.59394
19.99927
19.41950
18.48924
18.01350
17.13215
16.81694
16.37804
15.71260
15.28981
14.99179
14.62076
14.72120
14.68049
14.69092
14.76497
14.76628
14.75292
14.80577
14.84416
14.84242
14.82568
14.94728
14.99545
14.94757
14.95157
15.08438
15.05009
15.09452
15.08243
15.15277
15.19860
15.20647
15.25298
15.25216
15.33367
7.11737
7.05283
6.97196
6.89776
6.78988
6.67659
6.58029
6.46306
6.40341
6.32906
6.31216
6.21322
6.16573
5.98294
5.91549
5.94800
5.76950
5.72711
5.68745
5.63518
5.65341
5.57204
5.49485
5.47028
5.35317
5.39442
5.26019
5.15786
5.17943
5.11417
5.05545
5.00459
4.99276
5.03692
4.94877
4.92607
4.86906
4.81425
4.69189
4.73895
4.78090
4.63757
4.64727
4.55237
4.54433
4.58123
4.43976
4.44491
4.50374
4.40244
4.39059
4.41599
4.34394
4.32180
4.30119
4.26957
4.20441
4.22652
4.28450
4.15233
4.13555
4.20474
4.17853
4.06243
4.06941
4.10404
4.12800
3.99782
3.99066
4.05989
4.02119
3.91451
3.91670
3.93624
3.96318
3.84326
3.84353
3.84697
3.84665
3.94928
3.93173
3.77914
3.85559
3.80226
3.81051
3.90359
3.69855
3.76045
3.76698
3.82020
3.79259
3.78899
3.66173
3.75319
3.72113
3.70128
3.69900
3.75505
3.71047
3.61134
3.62877
3.69876
3.72294
3.69863
3.75867
3.60669
3.61048
3.62642
3.66198
3.66198
3.73545
3.72435
3.69531
3.58488
3.54634
3.61815
3.64355
3.63830
3.65961
3.68342
3.71609
3.68763
3.55910
3.60118
3.58722
3.58549
3.65500
3.65364
3.69601
3.71988
3.75398
3.72251
3.59655
3.56764
3.66365
3.61923
3.66263
3.62862
3.73585
3.70216
3.75881
3.75123
3.78119
3.66187
3.64926
3.69238
3.71856
3.73880
3.78457
3.81558
3.74816
3.81884
3.80505
3.88682
3.89104
3.90282
3.78017
3.80524
3.82334
3.81107
3.81719
3.84597
3.89469
3.92435
3.98041
3.94340
3.99168
3.98058
4.03433
4.04803
4.13092
4.07595
4.02799
4.05333
3.97519
4.03624
4.14034
4.12607
4.11146
4.20690
4.22907
4.31496
4.25773
4.23424
4.34631
4.37607
4.40739
4.49848
4.43974
4.56588
4.56605
4.53657
4.49919
4.49391
4.49222
4.46908
4.64345
4.57963
4.61547
4.75744
4.78699
4.80427
4.91755
4.90081
4.94907
5.04367
5.02294
4.96824
5.05485
5.28453
5.27659
5.33848
5.34947
5.42791
5.50744
5.45106
5.58866
5.64473
5.44299
5.56246
5.59301
5.63569
5.76761
5.75335
5.83261
5.94780
6.00381
6.08078
6.10121
6.21052
6.30166
6.34293
6.44952
6.81534
6.80185
6.75660
7.03237
7.04142
7.00532
7.29244
7.38820
7.59083
7.61679
7.67167
7.83865
8.01848
8.09657
8.35740
8.54494
8.60551
8.88826
9.18705
9.27323
9.31056
9.59595
9.64473
9.94538
10.15179
10.42640
10.64633
10.90451
11.25466
11.53659
11.67574
12.12880
11.90655
12.35772
12.71810
12.72371
13.23775
14.03027
13.89059
14.51830
15.17439
15.89283
16.48418
17.07110
18.23064
19.16935
19.87365
20.92825
21.71213
23.12786
24.06513
25.92941
27.77296
29.45746
31.76747
34.60343
37.60659
40.89061
46.65497
52.70156
60.12687
69.09585
81.43050
104.29015
139.27770
210.03037
437.13030
-8241.94579
-390.42286
-203.34407
-134.41070
-101.43403
-81.03988
-68.42025
-59.07762
-51.43274
-45.64213
-41.07301
-37.47966
-34.61441
-30.87587
-29.43859
-27.56372
-24.86893
-24.62579
-23.28117
-21.85468
-20.80697
-19.69780
-18.59877
-17.71921
-17.25512
-16.77850
-15.61329
-15.23378
-14.76001
-14.25416
-13.71658
-13.25355
-12.91092
-12.37684
-12.38022
-11.91446
-12.02256
-11.96565
-11.45801
-11.03283
-10.96016
-10.57300
-10.52307
-10.22522
-9.96133
-9.63396
-9.41480
-9.23898
-9.09977
-8.78209
-8.64680
-8.71003
-8.57026
-8.19415
-8.12564
-8.07904
-7.88016
-7.71724
-7.57315
-7.44646
-7.40702
-7.24543
-7.18082
-6.99223
-7.02559
-6.82546
-6.76031
-6.63595
-6.62224
-6.21967
-6.27675
-6.29261
-6.19304
-6.11662
-5.92912
-5.95572
-5.73188
-5.73129
-5.78517
-5.61969
-5.55947
-5.44328
-5.38344
-5.81126
-5.56205
-5.44992
-5.47278
-5.38240
-5.15506
-5.31506
-5.19910
-5.14241
-5.14826
-5.10955
-5.08560
-4.96634
-4.87276
-4.86515
-4.81372
-4.79691
-4.76562
-4.75369
-4.55481
-4.77442
-4.51107
-4.47255
-4.42427
-4.38587
-4.33313
-4.67231
-4.40716
-4.55499
-4.48872
-4.48138
-4.42569
-4.32378
-4.29908
-4.32031
-4.24440
-4.20169
-4.17382
-4.19349
-4.13127
-4.16675
-4.14084
-4.02242
-4.00174
-4.00311
-4.01742
-3.97940
-4.07195
-4.06662
-4.01277
-4.04667
-3.92778
-4.01309
-3.92398
-3.95724
-3.88036
-3.93035
-3.83905
-3.92133
-3.82496
-3.73230
-3.69028
-3.90223
-3.88011
-3.81411
-3.83798
-3.78414
-3.77866
-3.75587
-3.73285
-3.76132
-3.67209
-3.68681
-3.68968
-3.62425
-3.76543
-3.76216
-3.78357
-3.67111
-3.64346
-3.67352
-3.58945
-3.62188
-3.65643
-3.58473
-3.56987
-3.71033
-3.67178
-3.64390
-3.69766
-3.70337
-3.60618
-3.65801
-3.59757
-3.54845
-3.54325
